 1.00000000e-06  5.00000000e+00  1.00000000e-06  4.99995000e-05  1.00000000e-06  4.99995000e-04 
 2.00000000e-06  5.00000000e+00  2.00000000e-06  9.99985000e-05  2.00000000e-06  4.99990000e-04 
 4.00000000e-06  5.00000000e+00  4.00000000e-06  1.99995500e-04  4.00000000e-06  4.99980000e-04 
 8.00000000e-06  5.00000000e+00  8.00000000e-06  3.99983500e-04  8.00000000e-06  4.99960002e-04 
 1.60000000e-05  5.00000000e+00  1.60000000e-05  7.99935504e-04  1.60000000e-05  4.99920006e-04 
 3.20000000e-05  5.00000000e+00  3.20000000e-05  1.59974353e-03  3.20000000e-05  4.99840026e-04 
 6.40000000e-05  5.00000000e+00  6.40000000e-05  3.19897573e-03  6.40000000e-05  4.99680102e-04 
 1.00000000e-04  5.00000000e+00  1.00000000e-04  4.99750037e-03  1.00000000e-04  4.99500250e-04 
 1.06400000e-04  5.00000000e+00  1.06400000e-04  5.31716007e-03  1.06400000e-04  4.99468284e-04 
 1.19200000e-04  5.00000000e+00  1.19200000e-04  5.95643856e-03  1.19200000e-04  4.99404356e-04 
 1.44800000e-04  5.00000000e+00  1.44800000e-04  7.23475009e-03  1.44800000e-04  4.99276525e-04 
 1.96000000e-04  5.00000000e+00  1.96000000e-04  9.79039165e-03  1.96000000e-04  4.99020961e-04 
 2.98400000e-04  5.00000000e+00  2.98400000e-04  1.48977513e-02  2.98400000e-04  4.98510225e-04 
 5.03200000e-04  5.00000000e+00  5.03200000e-04  2.50967969e-02  5.03200000e-04  4.97490320e-04 
 9.12800000e-04  5.00000000e+00  9.12800000e-04  4.54323532e-02  9.12800000e-04  4.95456765e-04 
 1.41280000e-03  5.00000000e+00  1.41280000e-03  7.01434138e-02  1.41280000e-03  4.92985659e-04 
 1.91280000e-03  5.00000000e+00  1.91280000e-03  9.47312272e-02  1.91280000e-03  4.90526877e-04 
 2.41280000e-03  5.00000000e+00  2.41280000e-03  1.19196408e-01  2.41280000e-03  4.88080359e-04 
 2.91280000e-03  5.00000000e+00  2.91280000e-03  1.43539568e-01  2.91280000e-03  4.85646043e-04 
 3.41280000e-03  5.00000000e+00  3.41280000e-03  1.67761316e-01  3.41280000e-03  4.83223868e-04 
 3.91280000e-03  5.00000000e+00  3.91280000e-03  1.91862257e-01  3.91280000e-03  4.80813774e-04 
 4.41280000e-03  5.00000000e+00  4.41280000e-03  2.15842994e-01  4.41280000e-03  4.78415701e-04 
 4.91280000e-03  5.00000000e+00  4.91280000e-03  2.39704126e-01  4.91280000e-03  4.76029587e-04 
 5.41280000e-03  5.00000000e+00  5.41280000e-03  2.63446250e-01  5.41280000e-03  4.73655375e-04 
 5.91280000e-03  5.00000000e+00  5.91280000e-03  2.87069960e-01  5.91280000e-03  4.71293004e-04 
 6.41280000e-03  5.00000000e+00  6.41280000e-03  3.10575845e-01  6.41280000e-03  4.68942415e-04 
 6.91280000e-03  5.00000000e+00  6.91280000e-03  3.33964494e-01  6.91280000e-03  4.66603551e-04 
 7.41280000e-03  5.00000000e+00  7.41280000e-03  3.57236492e-01  7.41280000e-03  4.64276351e-04 
 7.91280000e-03  5.00000000e+00  7.91280000e-03  3.80392420e-01  7.91280000e-03  4.61960758e-04 
 8.41280000e-03  5.00000000e+00  8.41280000e-03  4.03432856e-01  8.41280000e-03  4.59656714e-04 
 8.91280000e-03  5.00000000e+00  8.91280000e-03  4.26358378e-01  8.91280000e-03  4.57364162e-04 
 9.41280000e-03  5.00000000e+00  9.41280000e-03  4.49169558e-01  9.41280000e-03  4.55083044e-04 
 9.91280000e-03  5.00000000e+00  9.91280000e-03  4.71866967e-01  9.91280000e-03  4.52813303e-04 
 1.04128000e-02  5.00000000e+00  1.04128000e-02  4.94451172e-01  1.04128000e-02  4.50554883e-04 
 1.09128000e-02  5.00000000e+00  1.09128000e-02  5.16922737e-01  1.09128000e-02  4.48307726e-04 
 1.14128000e-02  5.00000000e+00  1.14128000e-02  5.39282225e-01  1.14128000e-02  4.46071778e-04 
 1.19128000e-02  5.00000000e+00  1.19128000e-02  5.61530194e-01  1.19128000e-02  4.43846981e-04 
 1.24128000e-02  5.00000000e+00  1.24128000e-02  5.83667200e-01  1.24128000e-02  4.41633280e-04 
 1.29128000e-02  5.00000000e+00  1.29128000e-02  6.05693798e-01  1.29128000e-02  4.39430620e-04 
 1.34128000e-02  5.00000000e+00  1.34128000e-02  6.27610537e-01  1.34128000e-02  4.37238946e-04 
 1.39128000e-02  5.00000000e+00  1.39128000e-02  6.49417965e-01  1.39128000e-02  4.35058203e-04 
 1.44128000e-02  5.00000000e+00  1.44128000e-02  6.71116629e-01  1.44128000e-02  4.32888337e-04 
 1.49128000e-02  5.00000000e+00  1.49128000e-02  6.92707070e-01  1.49128000e-02  4.30729293e-04 
 1.54128000e-02  5.00000000e+00  1.54128000e-02  7.14189827e-01  1.54128000e-02  4.28581017e-04 
 1.59128000e-02  5.00000000e+00  1.59128000e-02  7.35565439e-01  1.59128000e-02  4.26443456e-04 
 1.64128000e-02  5.00000000e+00  1.64128000e-02  7.56834440e-01  1.64128000e-02  4.24316556e-04 
 1.69128000e-02  5.00000000e+00  1.69128000e-02  7.77997360e-01  1.69128000e-02  4.22200264e-04 
 1.74128000e-02  5.00000000e+00  1.74128000e-02  7.99054730e-01  1.74128000e-02  4.20094527e-04 
 1.79128000e-02  5.00000000e+00  1.79128000e-02  8.20007075e-01  1.79128000e-02  4.17999292e-04 
 1.84128000e-02  5.00000000e+00  1.84128000e-02  8.40854920e-01  1.84128000e-02  4.15914508e-04 
 1.89128000e-02  5.00000000e+00  1.89128000e-02  8.61598786e-01  1.89128000e-02  4.13840121e-04 
 1.94128000e-02  5.00000000e+00  1.94128000e-02  8.82239191e-01  1.94128000e-02  4.11776081e-04 
 1.99128000e-02  5.00000000e+00  1.99128000e-02  9.02776652e-01  1.99128000e-02  4.09722335e-04 
 2.04128000e-02  5.00000000e+00  2.04128000e-02  9.23211681e-01  2.04128000e-02  4.07678832e-04 
 2.09128000e-02  5.00000000e+00  2.09128000e-02  9.43544790e-01  2.09128000e-02  4.05645521e-04 
 2.14128000e-02  5.00000000e+00  2.14128000e-02  9.63776486e-01  2.14128000e-02  4.03622351e-04 
 2.19128000e-02  5.00000000e+00  2.19128000e-02  9.83907277e-01  2.19128000e-02  4.01609272e-04 
 2.24128000e-02  5.00000000e+00  2.24128000e-02  1.00393766e+00  2.24128000e-02  3.99606234e-04 
 2.29128000e-02  5.00000000e+00  2.29128000e-02  1.02386815e+00  2.29128000e-02  3.97613185e-04 
 2.34128000e-02  5.00000000e+00  2.34128000e-02  1.04369923e+00  2.34128000e-02  3.95630077e-04 
 2.39128000e-02  5.00000000e+00  2.39128000e-02  1.06343141e+00  2.39128000e-02  3.93656859e-04 
 2.44128000e-02  5.00000000e+00  2.44128000e-02  1.08306516e+00  2.44128000e-02  3.91693484e-04 
 2.49128000e-02  5.00000000e+00  2.49128000e-02  1.10260100e+00  2.49128000e-02  3.89739900e-04 
 2.54128000e-02  5.00000000e+00  2.54128000e-02  1.12203940e+00  2.54128000e-02  3.87796060e-04 
 2.59128000e-02  5.00000000e+00  2.59128000e-02  1.14138085e+00  2.59128000e-02  3.85861915e-04 
 2.64128000e-02  5.00000000e+00  2.64128000e-02  1.16062583e+00  2.64128000e-02  3.83937417e-04 
 2.69128000e-02  5.00000000e+00  2.69128000e-02  1.17977483e+00  2.69128000e-02  3.82022517e-04 
 2.74128000e-02  5.00000000e+00  2.74128000e-02  1.19882832e+00  2.74128000e-02  3.80117168e-04 
 2.79128000e-02  5.00000000e+00  2.79128000e-02  1.21778678e+00  2.79128000e-02  3.78221322e-04 
 2.84128000e-02  5.00000000e+00  2.84128000e-02  1.23665069e+00  2.84128000e-02  3.76334931e-04 
 2.89128000e-02  5.00000000e+00  2.89128000e-02  1.25542051e+00  2.89128000e-02  3.74457949e-04 
 2.94128000e-02  5.00000000e+00  2.94128000e-02  1.27409672e+00  2.94128000e-02  3.72590328e-04 
 2.99128000e-02  5.00000000e+00  2.99128000e-02  1.29267978e+00  2.99128000e-02  3.70732022e-04 
 3.04128000e-02  5.00000000e+00  3.04128000e-02  1.31117015e+00  3.04128000e-02  3.68882985e-04 
 3.09128000e-02  5.00000000e+00  3.09128000e-02  1.32956831e+00  3.09128000e-02  3.67043169e-04 
 3.14128000e-02  5.00000000e+00  3.14128000e-02  1.34787470e+00  3.14128000e-02  3.65212530e-04 
 3.19128000e-02  5.00000000e+00  3.19128000e-02  1.36608979e+00  3.19128000e-02  3.63391021e-04 
 3.24128000e-02  5.00000000e+00  3.24128000e-02  1.38421403e+00  3.24128000e-02  3.61578597e-04 
 3.29128000e-02  5.00000000e+00  3.29128000e-02  1.40224787e+00  3.29128000e-02  3.59775213e-04 
 3.34128000e-02  5.00000000e+00  3.34128000e-02  1.42019177e+00  3.34128000e-02  3.57980823e-04 
 3.39128000e-02  5.00000000e+00  3.39128000e-02  1.43804618e+00  3.39128000e-02  3.56195382e-04 
 3.44128000e-02  5.00000000e+00  3.44128000e-02  1.45581153e+00  3.44128000e-02  3.54418847e-04 
 3.49128000e-02  5.00000000e+00  3.49128000e-02  1.47348828e+00  3.49128000e-02  3.52651172e-04 
 3.54128000e-02  5.00000000e+00  3.54128000e-02  1.49107687e+00  3.54128000e-02  3.50892313e-04 
 3.59128000e-02  5.00000000e+00  3.59128000e-02  1.50857774e+00  3.59128000e-02  3.49142226e-04 
 3.64128000e-02  5.00000000e+00  3.64128000e-02  1.52599131e+00  3.64128000e-02  3.47400869e-04 
 3.69128000e-02  5.00000000e+00  3.69128000e-02  1.54331804e+00  3.69128000e-02  3.45668196e-04 
 3.74128000e-02  5.00000000e+00  3.74128000e-02  1.56055835e+00  3.74128000e-02  3.43944165e-04 
 3.79128000e-02  5.00000000e+00  3.79128000e-02  1.57771267e+00  3.79128000e-02  3.42228733e-04 
 3.84128000e-02  5.00000000e+00  3.84128000e-02  1.59478144e+00  3.84128000e-02  3.40521856e-04 
 3.89128000e-02  5.00000000e+00  3.89128000e-02  1.61176507e+00  3.89128000e-02  3.38823493e-04 
 3.94128000e-02  5.00000000e+00  3.94128000e-02  1.62866400e+00  3.94128000e-02  3.37133600e-04 
 3.99128000e-02  5.00000000e+00  3.99128000e-02  1.64547864e+00  3.99128000e-02  3.35452136e-04 
 4.04128000e-02  5.00000000e+00  4.04128000e-02  1.66220942e+00  4.04128000e-02  3.33779058e-04 
 4.09128000e-02  5.00000000e+00  4.09128000e-02  1.67885675e+00  4.09128000e-02  3.32114325e-04 
 4.14128000e-02  5.00000000e+00  4.14128000e-02  1.69542106e+00  4.14128000e-02  3.30457894e-04 
 4.19128000e-02  5.00000000e+00  4.19128000e-02  1.71190275e+00  4.19128000e-02  3.28809725e-04 
 4.24128000e-02  5.00000000e+00  4.24128000e-02  1.72830224e+00  4.24128000e-02  3.27169776e-04 
 4.29128000e-02  5.00000000e+00  4.29128000e-02  1.74461993e+00  4.29128000e-02  3.25538007e-04 
 4.34128000e-02  5.00000000e+00  4.34128000e-02  1.76085624e+00  4.34128000e-02  3.23914376e-04 
 4.39128000e-02  5.00000000e+00  4.39128000e-02  1.77701157e+00  4.39128000e-02  3.22298843e-04 
 4.44128000e-02  5.00000000e+00  4.44128000e-02  1.79308633e+00  4.44128000e-02  3.20691367e-04 
 4.49128000e-02  5.00000000e+00  4.49128000e-02  1.80908091e+00  4.49128000e-02  3.19091909e-04 
 4.54128000e-02  5.00000000e+00  4.54128000e-02  1.82499572e+00  4.54128000e-02  3.17500428e-04 
 4.59128000e-02  5.00000000e+00  4.59128000e-02  1.84083115e+00  4.59128000e-02  3.15916885e-04 
 4.64128000e-02  5.00000000e+00  4.64128000e-02  1.85658760e+00  4.64128000e-02  3.14341240e-04 
 4.69128000e-02  5.00000000e+00  4.69128000e-02  1.87226547e+00  4.69128000e-02  3.12773453e-04 
 4.74128000e-02  5.00000000e+00  4.74128000e-02  1.88786514e+00  4.74128000e-02  3.11213486e-04 
 4.79128000e-02  5.00000000e+00  4.79128000e-02  1.90338701e+00  4.79128000e-02  3.09661299e-04 
 4.84128000e-02  5.00000000e+00  4.84128000e-02  1.91883147e+00  4.84128000e-02  3.08116853e-04 
 4.89128000e-02  5.00000000e+00  4.89128000e-02  1.93419889e+00  4.89128000e-02  3.06580111e-04 
 4.94128000e-02  5.00000000e+00  4.94128000e-02  1.94948967e+00  4.94128000e-02  3.05051033e-04 
 4.99128000e-02  5.00000000e+00  4.99128000e-02  1.96470419e+00  4.99128000e-02  3.03529581e-04 
 5.04128000e-02  5.00000000e+00  5.04128000e-02  1.97984282e+00  5.04128000e-02  3.02015718e-04 
 5.09128000e-02  5.00000000e+00  5.09128000e-02  1.99490595e+00  5.09128000e-02  3.00509405e-04 
 5.14128000e-02  5.00000000e+00  5.14128000e-02  2.00989395e+00  5.14128000e-02  2.99010605e-04 
 5.19128000e-02  5.00000000e+00  5.19128000e-02  2.02480719e+00  5.19128000e-02  2.97519281e-04 
 5.24128000e-02  5.00000000e+00  5.24128000e-02  2.03964606e+00  5.24128000e-02  2.96035394e-04 
 5.29128000e-02  5.00000000e+00  5.29128000e-02  2.05441092e+00  5.29128000e-02  2.94558908e-04 
 5.34128000e-02  5.00000000e+00  5.34128000e-02  2.06910214e+00  5.34128000e-02  2.93089786e-04 
 5.39128000e-02  5.00000000e+00  5.39128000e-02  2.08372008e+00  5.39128000e-02  2.91627992e-04 
 5.44128000e-02  5.00000000e+00  5.44128000e-02  2.09826512e+00  5.44128000e-02  2.90173488e-04 
 5.49128000e-02  5.00000000e+00  5.49128000e-02  2.11273761e+00  5.49128000e-02  2.88726239e-04 
 5.54128000e-02  5.00000000e+00  5.54128000e-02  2.12713792e+00  5.54128000e-02  2.87286208e-04 
 5.59128000e-02  5.00000000e+00  5.59128000e-02  2.14146641e+00  5.59128000e-02  2.85853359e-04 
 5.64128000e-02  5.00000000e+00  5.64128000e-02  2.15572344e+00  5.64128000e-02  2.84427656e-04 
 5.69128000e-02  5.00000000e+00  5.69128000e-02  2.16990935e+00  5.69128000e-02  2.83009065e-04 
 5.74128000e-02  5.00000000e+00  5.74128000e-02  2.18402452e+00  5.74128000e-02  2.81597548e-04 
 5.79128000e-02  5.00000000e+00  5.79128000e-02  2.19806929e+00  5.79128000e-02  2.80193071e-04 
 5.84128000e-02  5.00000000e+00  5.84128000e-02  2.21204400e+00  5.84128000e-02  2.78795600e-04 
 5.89128000e-02  5.00000000e+00  5.89128000e-02  2.22594902e+00  5.89128000e-02  2.77405098e-04 
 5.94128000e-02  5.00000000e+00  5.94128000e-02  2.23978469e+00  5.94128000e-02  2.76021531e-04 
 5.99128000e-02  5.00000000e+00  5.99128000e-02  2.25355135e+00  5.99128000e-02  2.74644865e-04 
 6.04128000e-02  5.00000000e+00  6.04128000e-02  2.26724934e+00  6.04128000e-02  2.73275066e-04 
 6.09128000e-02  5.00000000e+00  6.09128000e-02  2.28087902e+00  6.09128000e-02  2.71912098e-04 
 6.14128000e-02  5.00000000e+00  6.14128000e-02  2.29444072e+00  6.14128000e-02  2.70555928e-04 
 6.19128000e-02  5.00000000e+00  6.19128000e-02  2.30793478e+00  6.19128000e-02  2.69206522e-04 
 6.24128000e-02  5.00000000e+00  6.24128000e-02  2.32136154e+00  6.24128000e-02  2.67863846e-04 
 6.29128000e-02  5.00000000e+00  6.29128000e-02  2.33472134e+00  6.29128000e-02  2.66527866e-04 
 6.34128000e-02  5.00000000e+00  6.34128000e-02  2.34801450e+00  6.34128000e-02  2.65198550e-04 
 6.39128000e-02  5.00000000e+00  6.39128000e-02  2.36124136e+00  6.39128000e-02  2.63875864e-04 
 6.44128000e-02  5.00000000e+00  6.44128000e-02  2.37440225e+00  6.44128000e-02  2.62559775e-04 
 6.49128000e-02  5.00000000e+00  6.49128000e-02  2.38749750e+00  6.49128000e-02  2.61250250e-04 
 6.54128000e-02  5.00000000e+00  6.54128000e-02  2.40052744e+00  6.54128000e-02  2.59947256e-04 
 6.59128000e-02  5.00000000e+00  6.59128000e-02  2.41349239e+00  6.59128000e-02  2.58650761e-04 
 6.64128000e-02  5.00000000e+00  6.64128000e-02  2.42639267e+00  6.64128000e-02  2.57360733e-04 
 6.69128000e-02  5.00000000e+00  6.69128000e-02  2.43922862e+00  6.69128000e-02  2.56077138e-04 
 6.74128000e-02  5.00000000e+00  6.74128000e-02  2.45200055e+00  6.74128000e-02  2.54799945e-04 
 6.79128000e-02  5.00000000e+00  6.79128000e-02  2.46470877e+00  6.79128000e-02  2.53529123e-04 
 6.84128000e-02  5.00000000e+00  6.84128000e-02  2.47735362e+00  6.84128000e-02  2.52264638e-04 
 6.89128000e-02  5.00000000e+00  6.89128000e-02  2.48993540e+00  6.89128000e-02  2.51006460e-04 
 6.94128000e-02  5.00000000e+00  6.94128000e-02  2.50245442e+00  6.94128000e-02  2.49754558e-04 
 6.99128000e-02  5.00000000e+00  6.99128000e-02  2.51491101e+00  6.99128000e-02  2.48508899e-04 
 7.04128000e-02  5.00000000e+00  7.04128000e-02  2.52730547e+00  7.04128000e-02  2.47269453e-04 
 7.09128000e-02  5.00000000e+00  7.09128000e-02  2.53963811e+00  7.09128000e-02  2.46036189e-04 
 7.14128000e-02  5.00000000e+00  7.14128000e-02  2.55190924e+00  7.14128000e-02  2.44809076e-04 
 7.19128000e-02  5.00000000e+00  7.19128000e-02  2.56411917e+00  7.19128000e-02  2.43588083e-04 
 7.24128000e-02  5.00000000e+00  7.24128000e-02  2.57626820e+00  7.24128000e-02  2.42373180e-04 
 7.29128000e-02  5.00000000e+00  7.29128000e-02  2.58835664e+00  7.29128000e-02  2.41164336e-04 
 7.34128000e-02  5.00000000e+00  7.34128000e-02  2.60038478e+00  7.34128000e-02  2.39961522e-04 
 7.39128000e-02  5.00000000e+00  7.39128000e-02  2.61235294e+00  7.39128000e-02  2.38764706e-04 
 7.44128000e-02  5.00000000e+00  7.44128000e-02  2.62426140e+00  7.44128000e-02  2.37573860e-04 
 7.49128000e-02  5.00000000e+00  7.49128000e-02  2.63611047e+00  7.49128000e-02  2.36388953e-04 
 7.54128000e-02  5.00000000e+00  7.54128000e-02  2.64790045e+00  7.54128000e-02  2.35209955e-04 
 7.59128000e-02  5.00000000e+00  7.59128000e-02  2.65963162e+00  7.59128000e-02  2.34036838e-04 
 7.64128000e-02  5.00000000e+00  7.64128000e-02  2.67130428e+00  7.64128000e-02  2.32869572e-04 
 7.69128000e-02  5.00000000e+00  7.69128000e-02  2.68291872e+00  7.69128000e-02  2.31708128e-04 
 7.74128000e-02  5.00000000e+00  7.74128000e-02  2.69447524e+00  7.74128000e-02  2.30552476e-04 
 7.79128000e-02  5.00000000e+00  7.79128000e-02  2.70597411e+00  7.79128000e-02  2.29402589e-04 
 7.84128000e-02  5.00000000e+00  7.84128000e-02  2.71741564e+00  7.84128000e-02  2.28258436e-04 
 7.89128000e-02  5.00000000e+00  7.89128000e-02  2.72880010e+00  7.89128000e-02  2.27119990e-04 
 7.94128000e-02  5.00000000e+00  7.94128000e-02  2.74012778e+00  7.94128000e-02  2.25987222e-04 
 7.99128000e-02  5.00000000e+00  7.99128000e-02  2.75139896e+00  7.99128000e-02  2.24860104e-04 
 8.04128000e-02  5.00000000e+00  8.04128000e-02  2.76261393e+00  8.04128000e-02  2.23738607e-04 
 8.09128000e-02  5.00000000e+00  8.09128000e-02  2.77377296e+00  8.09128000e-02  2.22622704e-04 
 8.14128000e-02  5.00000000e+00  8.14128000e-02  2.78487634e+00  8.14128000e-02  2.21512366e-04 
 8.19128000e-02  5.00000000e+00  8.19128000e-02  2.79592434e+00  8.19128000e-02  2.20407566e-04 
 8.24128000e-02  5.00000000e+00  8.24128000e-02  2.80691723e+00  8.24128000e-02  2.19308277e-04 
 8.29128000e-02  5.00000000e+00  8.29128000e-02  2.81785530e+00  8.29128000e-02  2.18214470e-04 
 8.34128000e-02  5.00000000e+00  8.34128000e-02  2.82873882e+00  8.34128000e-02  2.17126118e-04 
 8.39128000e-02  5.00000000e+00  8.39128000e-02  2.83956805e+00  8.39128000e-02  2.16043195e-04 
 8.44128000e-02  5.00000000e+00  8.44128000e-02  2.85034327e+00  8.44128000e-02  2.14965673e-04 
 8.49128000e-02  5.00000000e+00  8.49128000e-02  2.86106475e+00  8.49128000e-02  2.13893525e-04 
 8.54128000e-02  5.00000000e+00  8.54128000e-02  2.87173276e+00  8.54128000e-02  2.12826724e-04 
 8.59128000e-02  5.00000000e+00  8.59128000e-02  2.88234756e+00  8.59128000e-02  2.11765244e-04 
 8.64128000e-02  5.00000000e+00  8.64128000e-02  2.89290941e+00  8.64128000e-02  2.10709059e-04 
 8.69128000e-02  5.00000000e+00  8.69128000e-02  2.90341859e+00  8.69128000e-02  2.09658141e-04 
 8.74128000e-02  5.00000000e+00  8.74128000e-02  2.91387536e+00  8.74128000e-02  2.08612464e-04 
 8.79128000e-02  5.00000000e+00  8.79128000e-02  2.92427997e+00  8.79128000e-02  2.07572003e-04 
 8.84128000e-02  5.00000000e+00  8.84128000e-02  2.93463269e+00  8.84128000e-02  2.06536731e-04 
 8.89128000e-02  5.00000000e+00  8.89128000e-02  2.94493377e+00  8.89128000e-02  2.05506623e-04 
 8.94128000e-02  5.00000000e+00  8.94128000e-02  2.95518348e+00  8.94128000e-02  2.04481652e-04 
 8.99128000e-02  5.00000000e+00  8.99128000e-02  2.96538207e+00  8.99128000e-02  2.03461793e-04 
 9.04128000e-02  5.00000000e+00  9.04128000e-02  2.97552979e+00  9.04128000e-02  2.02447021e-04 
 9.09128000e-02  5.00000000e+00  9.09128000e-02  2.98562689e+00  9.09128000e-02  2.01437311e-04 
 9.14128000e-02  5.00000000e+00  9.14128000e-02  2.99567364e+00  9.14128000e-02  2.00432636e-04 
 9.19128000e-02  5.00000000e+00  9.19128000e-02  3.00567028e+00  9.19128000e-02  1.99432972e-04 
 9.24128000e-02  5.00000000e+00  9.24128000e-02  3.01561707e+00  9.24128000e-02  1.98438293e-04 
 9.29128000e-02  5.00000000e+00  9.29128000e-02  3.02551424e+00  9.29128000e-02  1.97448576e-04 
 9.34128000e-02  5.00000000e+00  9.34128000e-02  3.03536205e+00  9.34128000e-02  1.96463795e-04 
 9.39128000e-02  5.00000000e+00  9.39128000e-02  3.04516074e+00  9.39128000e-02  1.95483926e-04 
 9.44128000e-02  5.00000000e+00  9.44128000e-02  3.05491056e+00  9.44128000e-02  1.94508944e-04 
 9.49128000e-02  5.00000000e+00  9.49128000e-02  3.06461176e+00  9.49128000e-02  1.93538824e-04 
 9.54128000e-02  5.00000000e+00  9.54128000e-02  3.07426456e+00  9.54128000e-02  1.92573544e-04 
 9.59128000e-02  5.00000000e+00  9.59128000e-02  3.08386923e+00  9.59128000e-02  1.91613077e-04 
 9.64128000e-02  5.00000000e+00  9.64128000e-02  3.09342599e+00  9.64128000e-02  1.90657401e-04 
 9.69128000e-02  5.00000000e+00  9.69128000e-02  3.10293509e+00  9.69128000e-02  1.89706491e-04 
 9.74128000e-02  5.00000000e+00  9.74128000e-02  3.11239676e+00  9.74128000e-02  1.88760324e-04 
 9.79128000e-02  5.00000000e+00  9.79128000e-02  3.12181124e+00  9.79128000e-02  1.87818876e-04 
 9.84128000e-02  5.00000000e+00  9.84128000e-02  3.13117876e+00  9.84128000e-02  1.86882124e-04 
 9.89128000e-02  5.00000000e+00  9.89128000e-02  3.14049957e+00  9.89128000e-02  1.85950043e-04 
 9.94128000e-02  5.00000000e+00  9.94128000e-02  3.14977389e+00  9.94128000e-02  1.85022611e-04 
 9.99128000e-02  5.00000000e+00  9.99128000e-02  3.15900195e+00  9.99128000e-02  1.84099805e-04 
 1.00412800e-01  5.00000000e+00  1.00412800e-01  3.16818398e+00  1.00412800e-01  1.83181602e-04 
 1.00912800e-01  5.00000000e+00  1.00912800e-01  3.17732022e+00  1.00912800e-01  1.82267978e-04 
 1.01412800e-01  5.00000000e+00  1.01412800e-01  3.18641089e+00  1.01412800e-01  1.81358911e-04 
 1.01912800e-01  5.00000000e+00  1.01912800e-01  3.19545622e+00  1.01912800e-01  1.80454378e-04 
 1.02412800e-01  5.00000000e+00  1.02412800e-01  3.20445644e+00  1.02412800e-01  1.79554356e-04 
 1.02912800e-01  5.00000000e+00  1.02912800e-01  3.21341177e+00  1.02912800e-01  1.78658823e-04 
 1.03412800e-01  5.00000000e+00  1.03412800e-01  3.22232244e+00  1.03412800e-01  1.77767756e-04 
 1.03912800e-01  5.00000000e+00  1.03912800e-01  3.23118866e+00  1.03912800e-01  1.76881134e-04 
 1.04412800e-01  5.00000000e+00  1.04412800e-01  3.24001066e+00  1.04412800e-01  1.75998934e-04 
 1.04912800e-01  5.00000000e+00  1.04912800e-01  3.24878866e+00  1.04912800e-01  1.75121134e-04 
 1.05412800e-01  5.00000000e+00  1.05412800e-01  3.25752288e+00  1.05412800e-01  1.74247712e-04 
 1.05912800e-01  5.00000000e+00  1.05912800e-01  3.26621354e+00  1.05912800e-01  1.73378646e-04 
 1.06412800e-01  5.00000000e+00  1.06412800e-01  3.27486086e+00  1.06412800e-01  1.72513914e-04 
 1.06912800e-01  5.00000000e+00  1.06912800e-01  3.28346504e+00  1.06912800e-01  1.71653496e-04 
 1.07412800e-01  5.00000000e+00  1.07412800e-01  3.29202631e+00  1.07412800e-01  1.70797369e-04 
 1.07912800e-01  5.00000000e+00  1.07912800e-01  3.30054489e+00  1.07912800e-01  1.69945511e-04 
 1.08412800e-01  5.00000000e+00  1.08412800e-01  3.30902097e+00  1.08412800e-01  1.69097903e-04 
 1.08912800e-01  5.00000000e+00  1.08912800e-01  3.31745478e+00  1.08912800e-01  1.68254522e-04 
 1.09412800e-01  5.00000000e+00  1.09412800e-01  3.32584653e+00  1.09412800e-01  1.67415347e-04 
 1.09912800e-01  5.00000000e+00  1.09912800e-01  3.33419642e+00  1.09912800e-01  1.66580358e-04 
 1.10412800e-01  5.00000000e+00  1.10412800e-01  3.34250467e+00  1.10412800e-01  1.65749533e-04 
 1.10912800e-01  5.00000000e+00  1.10912800e-01  3.35077148e+00  1.10912800e-01  1.64922852e-04 
 1.11412800e-01  5.00000000e+00  1.11412800e-01  3.35899706e+00  1.11412800e-01  1.64100294e-04 
 1.11912800e-01  5.00000000e+00  1.11912800e-01  3.36718161e+00  1.11912800e-01  1.63281839e-04 
 1.12412800e-01  5.00000000e+00  1.12412800e-01  3.37532534e+00  1.12412800e-01  1.62467466e-04 
 1.12912800e-01  5.00000000e+00  1.12912800e-01  3.38342846e+00  1.12912800e-01  1.61657154e-04 
 1.13412800e-01  5.00000000e+00  1.13412800e-01  3.39149116e+00  1.13412800e-01  1.60850884e-04 
 1.13912800e-01  5.00000000e+00  1.13912800e-01  3.39951365e+00  1.13912800e-01  1.60048635e-04 
 1.14412800e-01  5.00000000e+00  1.14412800e-01  3.40749612e+00  1.14412800e-01  1.59250388e-04 
 1.14912800e-01  5.00000000e+00  1.14912800e-01  3.41543879e+00  1.14912800e-01  1.58456121e-04 
 1.15412800e-01  5.00000000e+00  1.15412800e-01  3.42334183e+00  1.15412800e-01  1.57665817e-04 
 1.15912800e-01  5.00000000e+00  1.15912800e-01  3.43120547e+00  1.15912800e-01  1.56879453e-04 
 1.16412800e-01  5.00000000e+00  1.16412800e-01  3.43902988e+00  1.16412800e-01  1.56097012e-04 
 1.16912800e-01  5.00000000e+00  1.16912800e-01  3.44681526e+00  1.16912800e-01  1.55318474e-04 
 1.17412800e-01  5.00000000e+00  1.17412800e-01  3.45456182e+00  1.17412800e-01  1.54543818e-04 
 1.17912800e-01  5.00000000e+00  1.17912800e-01  3.46226974e+00  1.17912800e-01  1.53773026e-04 
 1.18412800e-01  5.00000000e+00  1.18412800e-01  3.46993922e+00  1.18412800e-01  1.53006078e-04 
 1.18912800e-01  5.00000000e+00  1.18912800e-01  3.47757045e+00  1.18912800e-01  1.52242955e-04 
 1.19412800e-01  5.00000000e+00  1.19412800e-01  3.48516361e+00  1.19412800e-01  1.51483639e-04 
 1.19912800e-01  5.00000000e+00  1.19912800e-01  3.49271890e+00  1.19912800e-01  1.50728110e-04 
 1.20412800e-01  5.00000000e+00  1.20412800e-01  3.50023652e+00  1.20412800e-01  1.49976348e-04 
 1.20912800e-01  5.00000000e+00  1.20912800e-01  3.50771663e+00  1.20912800e-01  1.49228337e-04 
 1.21412800e-01  5.00000000e+00  1.21412800e-01  3.51515944e+00  1.21412800e-01  1.48484056e-04 
 1.21912800e-01  5.00000000e+00  1.21912800e-01  3.52256513e+00  1.21912800e-01  1.47743487e-04 
 1.22412800e-01  5.00000000e+00  1.22412800e-01  3.52993388e+00  1.22412800e-01  1.47006612e-04 
 1.22912800e-01  5.00000000e+00  1.22912800e-01  3.53726588e+00  1.22912800e-01  1.46273412e-04 
 1.23412800e-01  5.00000000e+00  1.23412800e-01  3.54456132e+00  1.23412800e-01  1.45543868e-04 
 1.23912800e-01  5.00000000e+00  1.23912800e-01  3.55182036e+00  1.23912800e-01  1.44817964e-04 
 1.24412800e-01  5.00000000e+00  1.24412800e-01  3.55904320e+00  1.24412800e-01  1.44095680e-04 
 1.24912800e-01  5.00000000e+00  1.24912800e-01  3.56623002e+00  1.24912800e-01  1.43376998e-04 
 1.25412800e-01  5.00000000e+00  1.25412800e-01  3.57338099e+00  1.25412800e-01  1.42661901e-04 
 1.25912800e-01  5.00000000e+00  1.25912800e-01  3.58049630e+00  1.25912800e-01  1.41950370e-04 
 1.26412800e-01  5.00000000e+00  1.26412800e-01  3.58757612e+00  1.26412800e-01  1.41242388e-04 
 1.26912800e-01  5.00000000e+00  1.26912800e-01  3.59462063e+00  1.26912800e-01  1.40537937e-04 
 1.27412800e-01  5.00000000e+00  1.27412800e-01  3.60163000e+00  1.27412800e-01  1.39837000e-04 
 1.27912800e-01  5.00000000e+00  1.27912800e-01  3.60860441e+00  1.27912800e-01  1.39139559e-04 
 1.28412800e-01  5.00000000e+00  1.28412800e-01  3.61554404e+00  1.28412800e-01  1.38445596e-04 
 1.28912800e-01  5.00000000e+00  1.28912800e-01  3.62244906e+00  1.28912800e-01  1.37755094e-04 
 1.29412800e-01  5.00000000e+00  1.29412800e-01  3.62931964e+00  1.29412800e-01  1.37068036e-04 
 1.29912800e-01  5.00000000e+00  1.29912800e-01  3.63615595e+00  1.29912800e-01  1.36384405e-04 
 1.30412800e-01  5.00000000e+00  1.30412800e-01  3.64295816e+00  1.30412800e-01  1.35704184e-04 
 1.30912800e-01  5.00000000e+00  1.30912800e-01  3.64972645e+00  1.30912800e-01  1.35027355e-04 
 1.31412800e-01  5.00000000e+00  1.31412800e-01  3.65646098e+00  1.31412800e-01  1.34353902e-04 
 1.31912800e-01  5.00000000e+00  1.31912800e-01  3.66316193e+00  1.31912800e-01  1.33683807e-04 
 1.32412800e-01  5.00000000e+00  1.32412800e-01  3.66982945e+00  1.32412800e-01  1.33017055e-04 
 1.32912800e-01  5.00000000e+00  1.32912800e-01  3.67646372e+00  1.32912800e-01  1.32353628e-04 
 1.33412800e-01  5.00000000e+00  1.33412800e-01  3.68306489e+00  1.33412800e-01  1.31693511e-04 
 1.33912800e-01  5.00000000e+00  1.33912800e-01  3.68963315e+00  1.33912800e-01  1.31036685e-04 
 1.34412800e-01  5.00000000e+00  1.34412800e-01  3.69616864e+00  1.34412800e-01  1.30383136e-04 
 1.34912800e-01  5.00000000e+00  1.34912800e-01  3.70267154e+00  1.34912800e-01  1.29732846e-04 
 1.35412800e-01  5.00000000e+00  1.35412800e-01  3.70914201e+00  1.35412800e-01  1.29085799e-04 
 1.35912800e-01  5.00000000e+00  1.35912800e-01  3.71558020e+00  1.35912800e-01  1.28441980e-04 
 1.36412800e-01  5.00000000e+00  1.36412800e-01  3.72198629e+00  1.36412800e-01  1.27801371e-04 
 1.36912800e-01  5.00000000e+00  1.36912800e-01  3.72836042e+00  1.36912800e-01  1.27163958e-04 
 1.37412800e-01  5.00000000e+00  1.37412800e-01  3.73470276e+00  1.37412800e-01  1.26529724e-04 
 1.37912800e-01  5.00000000e+00  1.37912800e-01  3.74101347e+00  1.37912800e-01  1.25898653e-04 
 1.38412800e-01  5.00000000e+00  1.38412800e-01  3.74729271e+00  1.38412800e-01  1.25270729e-04 
 1.38912800e-01  5.00000000e+00  1.38912800e-01  3.75354062e+00  1.38912800e-01  1.24645938e-04 
 1.39412800e-01  5.00000000e+00  1.39412800e-01  3.75975738e+00  1.39412800e-01  1.24024262e-04 
 1.39912800e-01  5.00000000e+00  1.39912800e-01  3.76594313e+00  1.39912800e-01  1.23405687e-04 
 1.40412800e-01  5.00000000e+00  1.40412800e-01  3.77209802e+00  1.40412800e-01  1.22790198e-04 
 1.40912800e-01  5.00000000e+00  1.40912800e-01  3.77822222e+00  1.40912800e-01  1.22177778e-04 
 1.41412800e-01  5.00000000e+00  1.41412800e-01  3.78431588e+00  1.41412800e-01  1.21568412e-04 
 1.41912800e-01  5.00000000e+00  1.41912800e-01  3.79037914e+00  1.41912800e-01  1.20962086e-04 
 1.42412800e-01  5.00000000e+00  1.42412800e-01  3.79641216e+00  1.42412800e-01  1.20358784e-04 
 1.42912800e-01  5.00000000e+00  1.42912800e-01  3.80241509e+00  1.42912800e-01  1.19758491e-04 
 1.43412800e-01  5.00000000e+00  1.43412800e-01  3.80838809e+00  1.43412800e-01  1.19161191e-04 
 1.43912800e-01  5.00000000e+00  1.43912800e-01  3.81433129e+00  1.43912800e-01  1.18566871e-04 
 1.44412800e-01  5.00000000e+00  1.44412800e-01  3.82024485e+00  1.44412800e-01  1.17975515e-04 
 1.44912800e-01  5.00000000e+00  1.44912800e-01  3.82612891e+00  1.44912800e-01  1.17387109e-04 
 1.45412800e-01  5.00000000e+00  1.45412800e-01  3.83198363e+00  1.45412800e-01  1.16801637e-04 
 1.45912800e-01  5.00000000e+00  1.45912800e-01  3.83780915e+00  1.45912800e-01  1.16219085e-04 
 1.46412800e-01  5.00000000e+00  1.46412800e-01  3.84360561e+00  1.46412800e-01  1.15639439e-04 
 1.46912800e-01  5.00000000e+00  1.46912800e-01  3.84937317e+00  1.46912800e-01  1.15062683e-04 
 1.47412800e-01  5.00000000e+00  1.47412800e-01  3.85511195e+00  1.47412800e-01  1.14488805e-04 
 1.47912800e-01  5.00000000e+00  1.47912800e-01  3.86082212e+00  1.47912800e-01  1.13917788e-04 
 1.48412800e-01  5.00000000e+00  1.48412800e-01  3.86650380e+00  1.48412800e-01  1.13349620e-04 
 1.48912800e-01  5.00000000e+00  1.48912800e-01  3.87215715e+00  1.48912800e-01  1.12784285e-04 
 1.49412800e-01  5.00000000e+00  1.49412800e-01  3.87778230e+00  1.49412800e-01  1.12221770e-04 
 1.49912800e-01  5.00000000e+00  1.49912800e-01  3.88337940e+00  1.49912800e-01  1.11662060e-04 
 1.50412800e-01  5.00000000e+00  1.50412800e-01  3.88894858e+00  1.50412800e-01  1.11105142e-04 
 1.50912800e-01  5.00000000e+00  1.50912800e-01  3.89448998e+00  1.50912800e-01  1.10551002e-04 
 1.51412800e-01  5.00000000e+00  1.51412800e-01  3.90000375e+00  1.51412800e-01  1.09999625e-04 
 1.51912800e-01  5.00000000e+00  1.51912800e-01  3.90549001e+00  1.51912800e-01  1.09450999e-04 
 1.52412800e-01  5.00000000e+00  1.52412800e-01  3.91094892e+00  1.52412800e-01  1.08905108e-04 
 1.52912800e-01  5.00000000e+00  1.52912800e-01  3.91638059e+00  1.52912800e-01  1.08361941e-04 
 1.53412800e-01  5.00000000e+00  1.53412800e-01  3.92178518e+00  1.53412800e-01  1.07821482e-04 
 1.53912800e-01  5.00000000e+00  1.53912800e-01  3.92716281e+00  1.53912800e-01  1.07283719e-04 
 1.54412800e-01  5.00000000e+00  1.54412800e-01  3.93251362e+00  1.54412800e-01  1.06748638e-04 
 1.54912800e-01  5.00000000e+00  1.54912800e-01  3.93783774e+00  1.54912800e-01  1.06216226e-04 
 1.55412800e-01  5.00000000e+00  1.55412800e-01  3.94313531e+00  1.55412800e-01  1.05686469e-04 
 1.55912800e-01  5.00000000e+00  1.55912800e-01  3.94840645e+00  1.55912800e-01  1.05159355e-04 
 1.56412800e-01  5.00000000e+00  1.56412800e-01  3.95365131e+00  1.56412800e-01  1.04634869e-04 
 1.56912800e-01  5.00000000e+00  1.56912800e-01  3.95887000e+00  1.56912800e-01  1.04113000e-04 
 1.57412800e-01  5.00000000e+00  1.57412800e-01  3.96406267e+00  1.57412800e-01  1.03593733e-04 
 1.57912800e-01  5.00000000e+00  1.57912800e-01  3.96922944e+00  1.57912800e-01  1.03077056e-04 
 1.58412800e-01  5.00000000e+00  1.58412800e-01  3.97437044e+00  1.58412800e-01  1.02562956e-04 
 1.58912800e-01  5.00000000e+00  1.58912800e-01  3.97948580e+00  1.58912800e-01  1.02051420e-04 
 1.59412800e-01  5.00000000e+00  1.59412800e-01  3.98457565e+00  1.59412800e-01  1.01542435e-04 
 1.59912800e-01  5.00000000e+00  1.59912800e-01  3.98964011e+00  1.59912800e-01  1.01035989e-04 
 1.60412800e-01  5.00000000e+00  1.60412800e-01  3.99467931e+00  1.60412800e-01  1.00532069e-04 
 1.60912800e-01  5.00000000e+00  1.60912800e-01  3.99969338e+00  1.60912800e-01  1.00030662e-04 
 1.61412800e-01  5.00000000e+00  1.61412800e-01  4.00468244e+00  1.61412800e-01  9.95317561e-05 
 1.61912800e-01  5.00000000e+00  1.61912800e-01  4.00964662e+00  1.61912800e-01  9.90353384e-05 
 1.62412800e-01  5.00000000e+00  1.62412800e-01  4.01458603e+00  1.62412800e-01  9.85413965e-05 
 1.62912800e-01  5.00000000e+00  1.62912800e-01  4.01950082e+00  1.62912800e-01  9.80499183e-05 
 1.63412800e-01  5.00000000e+00  1.63412800e-01  4.02439109e+00  1.63412800e-01  9.75608912e-05 
 1.63912800e-01  5.00000000e+00  1.63912800e-01  4.02925697e+00  1.63912800e-01  9.70743033e-05 
 1.64412800e-01  5.00000000e+00  1.64412800e-01  4.03409858e+00  1.64412800e-01  9.65901421e-05 
 1.64912800e-01  5.00000000e+00  1.64912800e-01  4.03891604e+00  1.64912800e-01  9.61083958e-05 
 1.65412800e-01  5.00000000e+00  1.65412800e-01  4.04370948e+00  1.65412800e-01  9.56290522e-05 
 1.65912800e-01  5.00000000e+00  1.65912800e-01  4.04847901e+00  1.65912800e-01  9.51520993e-05 
 1.66412800e-01  5.00000000e+00  1.66412800e-01  4.05322475e+00  1.66412800e-01  9.46775252e-05 
 1.66912800e-01  5.00000000e+00  1.66912800e-01  4.05794682e+00  1.66912800e-01  9.42053181e-05 
 1.67412800e-01  5.00000000e+00  1.67412800e-01  4.06264534e+00  1.67412800e-01  9.37354662e-05 
 1.67912800e-01  5.00000000e+00  1.67912800e-01  4.06732042e+00  1.67912800e-01  9.32679576e-05 
 1.68412800e-01  5.00000000e+00  1.68412800e-01  4.07197219e+00  1.68412800e-01  9.28027808e-05 
 1.68912800e-01  5.00000000e+00  1.68912800e-01  4.07660076e+00  1.68912800e-01  9.23399240e-05 
 1.69412800e-01  5.00000000e+00  1.69412800e-01  4.08120624e+00  1.69412800e-01  9.18793757e-05 
 1.69912800e-01  5.00000000e+00  1.69912800e-01  4.08578876e+00  1.69912800e-01  9.14211245e-05 
 1.70412800e-01  5.00000000e+00  1.70412800e-01  4.09034841e+00  1.70412800e-01  9.09651588e-05 
 1.70912800e-01  5.00000000e+00  1.70912800e-01  4.09488533e+00  1.70912800e-01  9.05114672e-05 
 1.71412800e-01  5.00000000e+00  1.71412800e-01  4.09939962e+00  1.71412800e-01  9.00600385e-05 
 1.71912800e-01  5.00000000e+00  1.71912800e-01  4.10389139e+00  1.71912800e-01  8.96108612e-05 
 1.72412800e-01  5.00000000e+00  1.72412800e-01  4.10836076e+00  1.72412800e-01  8.91639242e-05 
 1.72912800e-01  5.00000000e+00  1.72912800e-01  4.11280784e+00  1.72912800e-01  8.87192164e-05 
 1.73412800e-01  5.00000000e+00  1.73412800e-01  4.11723273e+00  1.73412800e-01  8.82767265e-05 
 1.73912800e-01  5.00000000e+00  1.73912800e-01  4.12163556e+00  1.73912800e-01  8.78364436e-05 
 1.74412800e-01  5.00000000e+00  1.74412800e-01  4.12601643e+00  1.74412800e-01  8.73983566e-05 
 1.74912800e-01  5.00000000e+00  1.74912800e-01  4.13037545e+00  1.74912800e-01  8.69624546e-05 
 1.75412800e-01  5.00000000e+00  1.75412800e-01  4.13471273e+00  1.75412800e-01  8.65287266e-05 
 1.75912800e-01  5.00000000e+00  1.75912800e-01  4.13902838e+00  1.75912800e-01  8.60971619e-05 
 1.76412800e-01  5.00000000e+00  1.76412800e-01  4.14332250e+00  1.76412800e-01  8.56677496e-05 
 1.76912800e-01  5.00000000e+00  1.76912800e-01  4.14759521e+00  1.76912800e-01  8.52404791e-05 
 1.77412800e-01  5.00000000e+00  1.77412800e-01  4.15184660e+00  1.77412800e-01  8.48153395e-05 
 1.77912800e-01  5.00000000e+00  1.77912800e-01  4.15607680e+00  1.77912800e-01  8.43923204e-05 
 1.78412800e-01  5.00000000e+00  1.78412800e-01  4.16028589e+00  1.78412800e-01  8.39714110e-05 
 1.78912800e-01  5.00000000e+00  1.78912800e-01  4.16447399e+00  1.78912800e-01  8.35526010e-05 
 1.79412800e-01  5.00000000e+00  1.79412800e-01  4.16864120e+00  1.79412800e-01  8.31358798e-05 
 1.79912800e-01  5.00000000e+00  1.79912800e-01  4.17278763e+00  1.79912800e-01  8.27212370e-05 
 1.80412800e-01  5.00000000e+00  1.80412800e-01  4.17691338e+00  1.80412800e-01  8.23086623e-05 
 1.80912800e-01  5.00000000e+00  1.80912800e-01  4.18101855e+00  1.80912800e-01  8.18981452e-05 
 1.81412800e-01  5.00000000e+00  1.81412800e-01  4.18510324e+00  1.81412800e-01  8.14896757e-05 
 1.81912800e-01  5.00000000e+00  1.81912800e-01  4.18916757e+00  1.81912800e-01  8.10832434e-05 
 1.82412800e-01  5.00000000e+00  1.82412800e-01  4.19321162e+00  1.82412800e-01  8.06788382e-05 
 1.82912800e-01  5.00000000e+00  1.82912800e-01  4.19723550e+00  1.82912800e-01  8.02764500e-05 
 1.83412800e-01  5.00000000e+00  1.83412800e-01  4.20123931e+00  1.83412800e-01  7.98760687e-05 
 1.83912800e-01  5.00000000e+00  1.83912800e-01  4.20522316e+00  1.83912800e-01  7.94776843e-05 
 1.84412800e-01  5.00000000e+00  1.84412800e-01  4.20918713e+00  1.84412800e-01  7.90812869e-05 
 1.84912800e-01  5.00000000e+00  1.84912800e-01  4.21313134e+00  1.84912800e-01  7.86868665e-05 
 1.85412800e-01  5.00000000e+00  1.85412800e-01  4.21705587e+00  1.85412800e-01  7.82944133e-05 
 1.85912800e-01  5.00000000e+00  1.85912800e-01  4.22096083e+00  1.85912800e-01  7.79039175e-05 
 1.86412800e-01  5.00000000e+00  1.86412800e-01  4.22484631e+00  1.86412800e-01  7.75153692e-05 
 1.86912800e-01  5.00000000e+00  1.86912800e-01  4.22871241e+00  1.86912800e-01  7.71287589e-05 
 1.87412800e-01  5.00000000e+00  1.87412800e-01  4.23255923e+00  1.87412800e-01  7.67440768e-05 
 1.87912800e-01  5.00000000e+00  1.87912800e-01  4.23638687e+00  1.87912800e-01  7.63613134e-05 
 1.88412800e-01  5.00000000e+00  1.88412800e-01  4.24019541e+00  1.88412800e-01  7.59804589e-05 
 1.88912800e-01  5.00000000e+00  1.88912800e-01  4.24398496e+00  1.88912800e-01  7.56015040e-05 
 1.89412800e-01  5.00000000e+00  1.89412800e-01  4.24775561e+00  1.89412800e-01  7.52244392e-05 
 1.89912800e-01  5.00000000e+00  1.89912800e-01  4.25150745e+00  1.89912800e-01  7.48492549e-05 
 1.90412800e-01  5.00000000e+00  1.90412800e-01  4.25524058e+00  1.90412800e-01  7.44759419e-05 
 1.90912800e-01  5.00000000e+00  1.90912800e-01  4.25895509e+00  1.90912800e-01  7.41044908e-05 
 1.91412800e-01  5.00000000e+00  1.91412800e-01  4.26265108e+00  1.91412800e-01  7.37348924e-05 
 1.91912800e-01  5.00000000e+00  1.91912800e-01  4.26632863e+00  1.91912800e-01  7.33671373e-05 
 1.92412800e-01  5.00000000e+00  1.92412800e-01  4.26998784e+00  1.92412800e-01  7.30012164e-05 
 1.92912800e-01  5.00000000e+00  1.92912800e-01  4.27362879e+00  1.92912800e-01  7.26371206e-05 
 1.93412800e-01  5.00000000e+00  1.93412800e-01  4.27725159e+00  1.93412800e-01  7.22748407e-05 
 1.93912800e-01  5.00000000e+00  1.93912800e-01  4.28085632e+00  1.93912800e-01  7.19143677e-05 
 1.94412800e-01  5.00000000e+00  1.94412800e-01  4.28444307e+00  1.94412800e-01  7.15556925e-05 
 1.94912800e-01  5.00000000e+00  1.94912800e-01  4.28801194e+00  1.94912800e-01  7.11988063e-05 
 1.95412800e-01  5.00000000e+00  1.95412800e-01  4.29156300e+00  1.95412800e-01  7.08437000e-05 
 1.95912800e-01  5.00000000e+00  1.95912800e-01  4.29509635e+00  1.95912800e-01  7.04903648e-05 
 1.96412800e-01  5.00000000e+00  1.96412800e-01  4.29861208e+00  1.96412800e-01  7.01387919e-05 
 1.96912800e-01  5.00000000e+00  1.96912800e-01  4.30211027e+00  1.96912800e-01  6.97889725e-05 
 1.97412800e-01  5.00000000e+00  1.97412800e-01  4.30559102e+00  1.97412800e-01  6.94408979e-05 
 1.97912800e-01  5.00000000e+00  1.97912800e-01  4.30905441e+00  1.97912800e-01  6.90945592e-05 
 1.98412800e-01  5.00000000e+00  1.98412800e-01  4.31250052e+00  1.98412800e-01  6.87499479e-05 
 1.98912800e-01  5.00000000e+00  1.98912800e-01  4.31592945e+00  1.98912800e-01  6.84070554e-05 
 1.99412800e-01  5.00000000e+00  1.99412800e-01  4.31934127e+00  1.99412800e-01  6.80658731e-05 
 1.99912800e-01  5.00000000e+00  1.99912800e-01  4.32273608e+00  1.99912800e-01  6.77263925e-05 
 2.00412800e-01  5.00000000e+00  2.00412800e-01  4.32611395e+00  2.00412800e-01  6.73886050e-05 
 2.00912800e-01  5.00000000e+00  2.00912800e-01  4.32947498e+00  2.00912800e-01  6.70525022e-05 
 2.01412800e-01  5.00000000e+00  2.01412800e-01  4.33281924e+00  2.01412800e-01  6.67180757e-05 
 2.01912800e-01  5.00000000e+00  2.01912800e-01  4.33614683e+00  2.01912800e-01  6.63853173e-05 
 2.02412800e-01  5.00000000e+00  2.02412800e-01  4.33945782e+00  2.02412800e-01  6.60542184e-05 
 2.02912800e-01  5.00000000e+00  2.02912800e-01  4.34275229e+00  2.02912800e-01  6.57247710e-05 
 2.03412800e-01  5.00000000e+00  2.03412800e-01  4.34603033e+00  2.03412800e-01  6.53969666e-05 
 2.03912800e-01  5.00000000e+00  2.03912800e-01  4.34929203e+00  2.03912800e-01  6.50707972e-05 
 2.04412800e-01  5.00000000e+00  2.04412800e-01  4.35253745e+00  2.04412800e-01  6.47462546e-05 
 2.04912800e-01  5.00000000e+00  2.04912800e-01  4.35576669e+00  2.04912800e-01  6.44233306e-05 
 2.05412800e-01  5.00000000e+00  2.05412800e-01  4.35897983e+00  2.05412800e-01  6.41020172e-05 
 2.05912800e-01  5.00000000e+00  2.05912800e-01  4.36217694e+00  2.05912800e-01  6.37823064e-05 
 2.06412800e-01  5.00000000e+00  2.06412800e-01  4.36535810e+00  2.06412800e-01  6.34641902e-05 
 2.06912800e-01  5.00000000e+00  2.06912800e-01  4.36852339e+00  2.06912800e-01  6.31476606e-05 
 2.07412800e-01  5.00000000e+00  2.07412800e-01  4.37167290e+00  2.07412800e-01  6.28327096e-05 
 2.07912800e-01  5.00000000e+00  2.07912800e-01  4.37480670e+00  2.07912800e-01  6.25193295e-05 
 2.08412800e-01  5.00000000e+00  2.08412800e-01  4.37792488e+00  2.08412800e-01  6.22075124e-05 
 2.08912800e-01  5.00000000e+00  2.08912800e-01  4.38102749e+00  2.08912800e-01  6.18972505e-05 
 2.09412800e-01  5.00000000e+00  2.09412800e-01  4.38411464e+00  2.09412800e-01  6.15885361e-05 
 2.09912800e-01  5.00000000e+00  2.09912800e-01  4.38718639e+00  2.09912800e-01  6.12813613e-05 
 2.10412800e-01  5.00000000e+00  2.10412800e-01  4.39024281e+00  2.10412800e-01  6.09757186e-05 
 2.10912800e-01  5.00000000e+00  2.10912800e-01  4.39328400e+00  2.10912800e-01  6.06716003e-05 
 2.11412800e-01  5.00000000e+00  2.11412800e-01  4.39631001e+00  2.11412800e-01  6.03689988e-05 
 2.11912800e-01  5.00000000e+00  2.11912800e-01  4.39932093e+00  2.11912800e-01  6.00679066e-05 
 2.12412800e-01  5.00000000e+00  2.12412800e-01  4.40231684e+00  2.12412800e-01  5.97683160e-05 
 2.12912800e-01  5.00000000e+00  2.12912800e-01  4.40529780e+00  2.12912800e-01  5.94702197e-05 
 2.13412800e-01  5.00000000e+00  2.13412800e-01  4.40826390e+00  2.13412800e-01  5.91736101e-05 
 2.13912800e-01  5.00000000e+00  2.13912800e-01  4.41121520e+00  2.13912800e-01  5.88784799e-05 
 2.14412800e-01  5.00000000e+00  2.14412800e-01  4.41415178e+00  2.14412800e-01  5.85848216e-05 
 2.14912800e-01  5.00000000e+00  2.14912800e-01  4.41707372e+00  2.14912800e-01  5.82926280e-05 
 2.15412800e-01  5.00000000e+00  2.15412800e-01  4.41998108e+00  2.15412800e-01  5.80018917e-05 
 2.15912800e-01  5.00000000e+00  2.15912800e-01  4.42287395e+00  2.15912800e-01  5.77126054e-05 
 2.16412800e-01  5.00000000e+00  2.16412800e-01  4.42575238e+00  2.16412800e-01  5.74247620e-05 
 2.16912800e-01  5.00000000e+00  2.16912800e-01  4.42861646e+00  2.16912800e-01  5.71383542e-05 
 2.17412800e-01  5.00000000e+00  2.17412800e-01  4.43146625e+00  2.17412800e-01  5.68533749e-05 
 2.17912800e-01  5.00000000e+00  2.17912800e-01  4.43430183e+00  2.17912800e-01  5.65698169e-05 
 2.18412800e-01  5.00000000e+00  2.18412800e-01  4.43712327e+00  2.18412800e-01  5.62876732e-05 
 2.18912800e-01  5.00000000e+00  2.18912800e-01  4.43993063e+00  2.18912800e-01  5.60069367e-05 
 2.19412800e-01  5.00000000e+00  2.19412800e-01  4.44272400e+00  2.19412800e-01  5.57276003e-05 
 2.19912800e-01  5.00000000e+00  2.19912800e-01  4.44550343e+00  2.19912800e-01  5.54496572e-05 
 2.20412800e-01  5.00000000e+00  2.20412800e-01  4.44826900e+00  2.20412800e-01  5.51731003e-05 
 2.20912800e-01  5.00000000e+00  2.20912800e-01  4.45102077e+00  2.20912800e-01  5.48979227e-05 
 2.21412800e-01  5.00000000e+00  2.21412800e-01  4.45375882e+00  2.21412800e-01  5.46241176e-05 
 2.21912800e-01  5.00000000e+00  2.21912800e-01  4.45648322e+00  2.21912800e-01  5.43516782e-05 
 2.22412800e-01  5.00000000e+00  2.22412800e-01  4.45919403e+00  2.22412800e-01  5.40805975e-05 
 2.22912800e-01  5.00000000e+00  2.22912800e-01  4.46189131e+00  2.22912800e-01  5.38108688e-05 
 2.23412800e-01  5.00000000e+00  2.23412800e-01  4.46457515e+00  2.23412800e-01  5.35424854e-05 
 2.23912800e-01  5.00000000e+00  2.23912800e-01  4.46724559e+00  2.23912800e-01  5.32754406e-05 
 2.24412800e-01  5.00000000e+00  2.24412800e-01  4.46990272e+00  2.24412800e-01  5.30097277e-05 
 2.24912800e-01  5.00000000e+00  2.24912800e-01  4.47254660e+00  2.24912800e-01  5.27453400e-05 
 2.25412800e-01  5.00000000e+00  2.25412800e-01  4.47517729e+00  2.25412800e-01  5.24822710e-05 
 2.25912800e-01  5.00000000e+00  2.25912800e-01  4.47779486e+00  2.25912800e-01  5.22205140e-05 
 2.26412800e-01  5.00000000e+00  2.26412800e-01  4.48039937e+00  2.26412800e-01  5.19600626e-05 
 2.26912800e-01  5.00000000e+00  2.26912800e-01  4.48299090e+00  2.26912800e-01  5.17009101e-05 
 2.27412800e-01  5.00000000e+00  2.27412800e-01  4.48556950e+00  2.27412800e-01  5.14430502e-05 
 2.27912800e-01  5.00000000e+00  2.27912800e-01  4.48813524e+00  2.27912800e-01  5.11864764e-05 
 2.28412800e-01  5.00000000e+00  2.28412800e-01  4.49068818e+00  2.28412800e-01  5.09311823e-05 
 2.28912800e-01  5.00000000e+00  2.28912800e-01  4.49322839e+00  2.28912800e-01  5.06771614e-05 
 2.29412800e-01  5.00000000e+00  2.29412800e-01  4.49575593e+00  2.29412800e-01  5.04244075e-05 
 2.29912800e-01  5.00000000e+00  2.29912800e-01  4.49827086e+00  2.29912800e-01  5.01729142e-05 
 2.30412800e-01  5.00000000e+00  2.30412800e-01  4.50077325e+00  2.30412800e-01  4.99226752e-05 
 2.30912800e-01  5.00000000e+00  2.30912800e-01  4.50326316e+00  2.30912800e-01  4.96736843e-05 
 2.31412800e-01  5.00000000e+00  2.31412800e-01  4.50574065e+00  2.31412800e-01  4.94259353e-05 
 2.31912800e-01  5.00000000e+00  2.31912800e-01  4.50820578e+00  2.31912800e-01  4.91794219e-05 
 2.32412800e-01  5.00000000e+00  2.32412800e-01  4.51065862e+00  2.32412800e-01  4.89341380e-05 
 2.32912800e-01  5.00000000e+00  2.32912800e-01  4.51309923e+00  2.32912800e-01  4.86900774e-05 
 2.33412800e-01  5.00000000e+00  2.33412800e-01  4.51552766e+00  2.33412800e-01  4.84472342e-05 
 2.33912800e-01  5.00000000e+00  2.33912800e-01  4.51794398e+00  2.33912800e-01  4.82056021e-05 
 2.34412800e-01  5.00000000e+00  2.34412800e-01  4.52034825e+00  2.34412800e-01  4.79651751e-05 
 2.34912800e-01  5.00000000e+00  2.34912800e-01  4.52274053e+00  2.34912800e-01  4.77259473e-05 
 2.35412800e-01  5.00000000e+00  2.35412800e-01  4.52512087e+00  2.35412800e-01  4.74879127e-05 
 2.35912800e-01  5.00000000e+00  2.35912800e-01  4.52748935e+00  2.35912800e-01  4.72510652e-05 
 2.36412800e-01  5.00000000e+00  2.36412800e-01  4.52984601e+00  2.36412800e-01  4.70153991e-05 
 2.36912800e-01  5.00000000e+00  2.36912800e-01  4.53219092e+00  2.36912800e-01  4.67809083e-05 
 2.37412800e-01  5.00000000e+00  2.37412800e-01  4.53452413e+00  2.37412800e-01  4.65475871e-05 
 2.37912800e-01  5.00000000e+00  2.37912800e-01  4.53684570e+00  2.37912800e-01  4.63154295e-05 
 2.38412800e-01  5.00000000e+00  2.38412800e-01  4.53915570e+00  2.38412800e-01  4.60844299e-05 
 2.38912800e-01  5.00000000e+00  2.38912800e-01  4.54145418e+00  2.38912800e-01  4.58545823e-05 
 2.39412800e-01  5.00000000e+00  2.39412800e-01  4.54374119e+00  2.39412800e-01  4.56258812e-05 
 2.39912800e-01  5.00000000e+00  2.39912800e-01  4.54601679e+00  2.39912800e-01  4.53983207e-05 
 2.40412800e-01  5.00000000e+00  2.40412800e-01  4.54828105e+00  2.40412800e-01  4.51718951e-05 
 2.40912800e-01  5.00000000e+00  2.40912800e-01  4.55053401e+00  2.40912800e-01  4.49465989e-05 
 2.41412800e-01  5.00000000e+00  2.41412800e-01  4.55277574e+00  2.41412800e-01  4.47224263e-05 
 2.41912800e-01  5.00000000e+00  2.41912800e-01  4.55500628e+00  2.41912800e-01  4.44993718e-05 
 2.42412800e-01  5.00000000e+00  2.42412800e-01  4.55722570e+00  2.42412800e-01  4.42774298e-05 
 2.42912800e-01  5.00000000e+00  2.42912800e-01  4.55943405e+00  2.42912800e-01  4.40565948e-05 
 2.43412800e-01  5.00000000e+00  2.43412800e-01  4.56163139e+00  2.43412800e-01  4.38368611e-05 
 2.43912800e-01  5.00000000e+00  2.43912800e-01  4.56381777e+00  2.43912800e-01  4.36182234e-05 
 2.44412800e-01  5.00000000e+00  2.44412800e-01  4.56599324e+00  2.44412800e-01  4.34006762e-05 
 2.44912800e-01  5.00000000e+00  2.44912800e-01  4.56815786e+00  2.44912800e-01  4.31842140e-05 
 2.45412800e-01  5.00000000e+00  2.45412800e-01  4.57031169e+00  2.45412800e-01  4.29688313e-05 
 2.45912800e-01  5.00000000e+00  2.45912800e-01  4.57245477e+00  2.45912800e-01  4.27545230e-05 
 2.46412800e-01  5.00000000e+00  2.46412800e-01  4.57458717e+00  2.46412800e-01  4.25412834e-05 
 2.46912800e-01  5.00000000e+00  2.46912800e-01  4.57670893e+00  2.46912800e-01  4.23291075e-05 
 2.47412800e-01  5.00000000e+00  2.47412800e-01  4.57882010e+00  2.47412800e-01  4.21179897e-05 
 2.47912800e-01  5.00000000e+00  2.47912800e-01  4.58092075e+00  2.47912800e-01  4.19079249e-05 
 2.48412800e-01  5.00000000e+00  2.48412800e-01  4.58301092e+00  2.48412800e-01  4.16989078e-05 
 2.48912800e-01  5.00000000e+00  2.48912800e-01  4.58509067e+00  2.48912800e-01  4.14909332e-05 
 2.49412800e-01  5.00000000e+00  2.49412800e-01  4.58716004e+00  2.49412800e-01  4.12839959e-05 
 2.49912800e-01  5.00000000e+00  2.49912800e-01  4.58921909e+00  2.49912800e-01  4.10780907e-05 
 2.50412800e-01  5.00000000e+00  2.50412800e-01  4.59126788e+00  2.50412800e-01  4.08732124e-05 
 2.50912800e-01  5.00000000e+00  2.50912800e-01  4.59330644e+00  2.50912800e-01  4.06693560e-05 
 2.51412800e-01  5.00000000e+00  2.51412800e-01  4.59533484e+00  2.51412800e-01  4.04665163e-05 
 2.51912800e-01  5.00000000e+00  2.51912800e-01  4.59735312e+00  2.51912800e-01  4.02646883e-05 
 2.52412800e-01  5.00000000e+00  2.52412800e-01  4.59936133e+00  2.52412800e-01  4.00638669e-05 
 2.52912800e-01  5.00000000e+00  2.52912800e-01  4.60135953e+00  2.52912800e-01  3.98640472e-05 
 2.53412800e-01  5.00000000e+00  2.53412800e-01  4.60334776e+00  2.53412800e-01  3.96652240e-05 
 2.53912800e-01  5.00000000e+00  2.53912800e-01  4.60532608e+00  2.53912800e-01  3.94673924e-05 
 2.54412800e-01  5.00000000e+00  2.54412800e-01  4.60729452e+00  2.54412800e-01  3.92705476e-05 
 2.54912800e-01  5.00000000e+00  2.54912800e-01  4.60925315e+00  2.54912800e-01  3.90746845e-05 
 2.55412800e-01  5.00000000e+00  2.55412800e-01  4.61120202e+00  2.55412800e-01  3.88797983e-05 
 2.55912800e-01  5.00000000e+00  2.55912800e-01  4.61314116e+00  2.55912800e-01  3.86858841e-05 
 2.56412800e-01  5.00000000e+00  2.56412800e-01  4.61507063e+00  2.56412800e-01  3.84929370e-05 
 2.56912800e-01  5.00000000e+00  2.56912800e-01  4.61699048e+00  2.56912800e-01  3.83009523e-05 
 2.57412800e-01  5.00000000e+00  2.57412800e-01  4.61890075e+00  2.57412800e-01  3.81099251e-05 
 2.57912800e-01  5.00000000e+00  2.57912800e-01  4.62080149e+00  2.57912800e-01  3.79198507e-05 
 2.58412800e-01  5.00000000e+00  2.58412800e-01  4.62269276e+00  2.58412800e-01  3.77307243e-05 
 2.58912800e-01  5.00000000e+00  2.58912800e-01  4.62457459e+00  2.58912800e-01  3.75425411e-05 
 2.59412800e-01  5.00000000e+00  2.59412800e-01  4.62644704e+00  2.59412800e-01  3.73552965e-05 
 2.59912800e-01  5.00000000e+00  2.59912800e-01  4.62831014e+00  2.59912800e-01  3.71689858e-05 
 2.60412800e-01  5.00000000e+00  2.60412800e-01  4.63016396e+00  2.60412800e-01  3.69836043e-05 
 2.60912800e-01  5.00000000e+00  2.60912800e-01  4.63200853e+00  2.60912800e-01  3.67991474e-05 
 2.61412800e-01  5.00000000e+00  2.61412800e-01  4.63384389e+00  2.61412800e-01  3.66156105e-05 
 2.61912800e-01  5.00000000e+00  2.61912800e-01  4.63567011e+00  2.61912800e-01  3.64329890e-05 
 2.62412800e-01  5.00000000e+00  2.62412800e-01  4.63748722e+00  2.62412800e-01  3.62512784e-05 
 2.62912800e-01  5.00000000e+00  2.62912800e-01  4.63929526e+00  2.62912800e-01  3.60704740e-05 
 2.63412800e-01  5.00000000e+00  2.63412800e-01  4.64109429e+00  2.63412800e-01  3.58905714e-05 
 2.63912800e-01  5.00000000e+00  2.63912800e-01  4.64288434e+00  2.63912800e-01  3.57115660e-05 
 2.64412800e-01  5.00000000e+00  2.64412800e-01  4.64466547e+00  2.64412800e-01  3.55334535e-05 
 2.64912800e-01  5.00000000e+00  2.64912800e-01  4.64643771e+00  2.64912800e-01  3.53562293e-05 
 2.65412800e-01  5.00000000e+00  2.65412800e-01  4.64820111e+00  2.65412800e-01  3.51798890e-05 
 2.65912800e-01  5.00000000e+00  2.65912800e-01  4.64995572e+00  2.65912800e-01  3.50044282e-05 
 2.66412800e-01  5.00000000e+00  2.66412800e-01  4.65170157e+00  2.66412800e-01  3.48298425e-05 
 2.66912800e-01  5.00000000e+00  2.66912800e-01  4.65343872e+00  2.66912800e-01  3.46561276e-05 
 2.67412800e-01  5.00000000e+00  2.67412800e-01  4.65516721e+00  2.67412800e-01  3.44832791e-05 
 2.67912800e-01  5.00000000e+00  2.67912800e-01  4.65688707e+00  2.67912800e-01  3.43112926e-05 
 2.68412800e-01  5.00000000e+00  2.68412800e-01  4.65859836e+00  2.68412800e-01  3.41401640e-05 
 2.68912800e-01  5.00000000e+00  2.68912800e-01  4.66030111e+00  2.68912800e-01  3.39698889e-05 
 2.69412800e-01  5.00000000e+00  2.69412800e-01  4.66199537e+00  2.69412800e-01  3.38004630e-05 
 2.69912800e-01  5.00000000e+00  2.69912800e-01  4.66368118e+00  2.69912800e-01  3.36318821e-05 
 2.70412800e-01  5.00000000e+00  2.70412800e-01  4.66535858e+00  2.70412800e-01  3.34641421e-05 
 2.70912800e-01  5.00000000e+00  2.70912800e-01  4.66702761e+00  2.70912800e-01  3.32972386e-05 
 2.71412800e-01  5.00000000e+00  2.71412800e-01  4.66868832e+00  2.71412800e-01  3.31311676e-05 
 2.71912800e-01  5.00000000e+00  2.71912800e-01  4.67034075e+00  2.71912800e-01  3.29659249e-05 
 2.72412800e-01  5.00000000e+00  2.72412800e-01  4.67198494e+00  2.72412800e-01  3.28015063e-05 
 2.72912800e-01  5.00000000e+00  2.72912800e-01  4.67362092e+00  2.72912800e-01  3.26379078e-05 
 2.73412800e-01  5.00000000e+00  2.73412800e-01  4.67524875e+00  2.73412800e-01  3.24751252e-05 
 2.73912800e-01  5.00000000e+00  2.73912800e-01  4.67686846e+00  2.73912800e-01  3.23131545e-05 
 2.74412800e-01  5.00000000e+00  2.74412800e-01  4.67848008e+00  2.74412800e-01  3.21519916e-05 
 2.74912800e-01  5.00000000e+00  2.74912800e-01  4.68008367e+00  2.74912800e-01  3.19916325e-05 
 2.75412800e-01  5.00000000e+00  2.75412800e-01  4.68167927e+00  2.75412800e-01  3.18320733e-05 
 2.75912800e-01  5.00000000e+00  2.75912800e-01  4.68326690e+00  2.75912800e-01  3.16733098e-05 
 2.76412800e-01  5.00000000e+00  2.76412800e-01  4.68484662e+00  2.76412800e-01  3.15153382e-05 
 2.76912800e-01  5.00000000e+00  2.76912800e-01  4.68641846e+00  2.76912800e-01  3.13581545e-05 
 2.77412800e-01  5.00000000e+00  2.77412800e-01  4.68798245e+00  2.77412800e-01  3.12017547e-05 
 2.77912800e-01  5.00000000e+00  2.77912800e-01  4.68953865e+00  2.77912800e-01  3.10461350e-05 
 2.78412800e-01  5.00000000e+00  2.78412800e-01  4.69108709e+00  2.78412800e-01  3.08912914e-05 
 2.78912800e-01  5.00000000e+00  2.78912800e-01  4.69262780e+00  2.78912800e-01  3.07372201e-05 
 2.79412800e-01  5.00000000e+00  2.79412800e-01  4.69416083e+00  2.79412800e-01  3.05839173e-05 
 2.79912800e-01  5.00000000e+00  2.79912800e-01  4.69568621e+00  2.79912800e-01  3.04313790e-05 
 2.80412800e-01  5.00000000e+00  2.80412800e-01  4.69720398e+00  2.80412800e-01  3.02796016e-05 
 2.80912800e-01  5.00000000e+00  2.80912800e-01  4.69871419e+00  2.80912800e-01  3.01285811e-05 
 2.81412800e-01  5.00000000e+00  2.81412800e-01  4.70021686e+00  2.81412800e-01  2.99783139e-05 
 2.81912800e-01  5.00000000e+00  2.81912800e-01  4.70171204e+00  2.81912800e-01  2.98287961e-05 
 2.82412800e-01  5.00000000e+00  2.82412800e-01  4.70319976e+00  2.82412800e-01  2.96800241e-05 
 2.82912800e-01  5.00000000e+00  2.82912800e-01  4.70468006e+00  2.82912800e-01  2.95319940e-05 
 2.83412800e-01  5.00000000e+00  2.83412800e-01  4.70615298e+00  2.83412800e-01  2.93847023e-05 
 2.83912800e-01  5.00000000e+00  2.83912800e-01  4.70761855e+00  2.83912800e-01  2.92381452e-05 
 2.84412800e-01  5.00000000e+00  2.84412800e-01  4.70907681e+00  2.84412800e-01  2.90923190e-05 
 2.84912800e-01  5.00000000e+00  2.84912800e-01  4.71052780e+00  2.84912800e-01  2.89472202e-05 
 2.85412800e-01  5.00000000e+00  2.85412800e-01  4.71197155e+00  2.85412800e-01  2.88028450e-05 
 2.85912800e-01  5.00000000e+00  2.85912800e-01  4.71340810e+00  2.85912800e-01  2.86591899e-05 
 2.86412800e-01  5.00000000e+00  2.86412800e-01  4.71483749e+00  2.86412800e-01  2.85162513e-05 
 2.86912800e-01  5.00000000e+00  2.86912800e-01  4.71625974e+00  2.86912800e-01  2.83740256e-05 
 2.87412800e-01  5.00000000e+00  2.87412800e-01  4.71767491e+00  2.87412800e-01  2.82325093e-05 
 2.87912800e-01  5.00000000e+00  2.87912800e-01  4.71908301e+00  2.87912800e-01  2.80916988e-05 
 2.88412800e-01  5.00000000e+00  2.88412800e-01  4.72048409e+00  2.88412800e-01  2.79515905e-05 
 2.88912800e-01  5.00000000e+00  2.88912800e-01  4.72187819e+00  2.88912800e-01  2.78121811e-05 
 2.89412800e-01  5.00000000e+00  2.89412800e-01  4.72326533e+00  2.89412800e-01  2.76734670e-05 
 2.89912800e-01  5.00000000e+00  2.89912800e-01  4.72464555e+00  2.89912800e-01  2.75354447e-05 
 2.90412800e-01  5.00000000e+00  2.90412800e-01  4.72601889e+00  2.90412800e-01  2.73981108e-05 
 2.90912800e-01  5.00000000e+00  2.90912800e-01  4.72738538e+00  2.90912800e-01  2.72614619e-05 
 2.91412800e-01  5.00000000e+00  2.91412800e-01  4.72874506e+00  2.91412800e-01  2.71254945e-05 
 2.91912800e-01  5.00000000e+00  2.91912800e-01  4.73009795e+00  2.91912800e-01  2.69902052e-05 
 2.92412800e-01  5.00000000e+00  2.92412800e-01  4.73144409e+00  2.92412800e-01  2.68555908e-05 
 2.92912800e-01  5.00000000e+00  2.92912800e-01  4.73278352e+00  2.92912800e-01  2.67216477e-05 
 2.93412800e-01  5.00000000e+00  2.93412800e-01  4.73411627e+00  2.93412800e-01  2.65883726e-05 
 2.93912800e-01  5.00000000e+00  2.93912800e-01  4.73544238e+00  2.93912800e-01  2.64557623e-05 
 2.94412800e-01  5.00000000e+00  2.94412800e-01  4.73676187e+00  2.94412800e-01  2.63238133e-05 
 2.94912800e-01  5.00000000e+00  2.94912800e-01  4.73807478e+00  2.94912800e-01  2.61925225e-05 
 2.95412800e-01  5.00000000e+00  2.95412800e-01  4.73938114e+00  2.95412800e-01  2.60618865e-05 
 2.95912800e-01  5.00000000e+00  2.95912800e-01  4.74068098e+00  2.95912800e-01  2.59319020e-05 
 2.96412800e-01  5.00000000e+00  2.96412800e-01  4.74197434e+00  2.96412800e-01  2.58025658e-05 
 2.96912800e-01  5.00000000e+00  2.96912800e-01  4.74326125e+00  2.96912800e-01  2.56738747e-05 
 2.97412800e-01  5.00000000e+00  2.97412800e-01  4.74454175e+00  2.97412800e-01  2.55458255e-05 
 2.97912800e-01  5.00000000e+00  2.97912800e-01  4.74581585e+00  2.97912800e-01  2.54184149e-05 
 2.98412800e-01  5.00000000e+00  2.98412800e-01  4.74708360e+00  2.98412800e-01  2.52916397e-05 
 2.98912800e-01  5.00000000e+00  2.98912800e-01  4.74834503e+00  2.98912800e-01  2.51654969e-05 
 2.99412800e-01  5.00000000e+00  2.99412800e-01  4.74960017e+00  2.99412800e-01  2.50399832e-05 
 2.99912800e-01  5.00000000e+00  2.99912800e-01  4.75084904e+00  2.99912800e-01  2.49150955e-05 
 3.00412800e-01  5.00000000e+00  3.00412800e-01  4.75209169e+00  3.00412800e-01  2.47908307e-05 
 3.00912800e-01  5.00000000e+00  3.00912800e-01  4.75332814e+00  3.00912800e-01  2.46671856e-05 
 3.01412800e-01  5.00000000e+00  3.01412800e-01  4.75455843e+00  3.01412800e-01  2.45441573e-05 
 3.01912800e-01  5.00000000e+00  3.01912800e-01  4.75578257e+00  3.01912800e-01  2.44217425e-05 
 3.02412800e-01  5.00000000e+00  3.02412800e-01  4.75700062e+00  3.02412800e-01  2.42999383e-05 
 3.02912800e-01  5.00000000e+00  3.02912800e-01  4.75821258e+00  3.02912800e-01  2.41787416e-05 
 3.03412800e-01  5.00000000e+00  3.03412800e-01  4.75941851e+00  3.03412800e-01  2.40581494e-05 
 3.03912800e-01  5.00000000e+00  3.03912800e-01  4.76061841e+00  3.03912800e-01  2.39381586e-05 
 3.04412800e-01  5.00000000e+00  3.04412800e-01  4.76181234e+00  3.04412800e-01  2.38187663e-05 
 3.04912800e-01  5.00000000e+00  3.04912800e-01  4.76300031e+00  3.04912800e-01  2.36999695e-05 
 3.05412800e-01  5.00000000e+00  3.05412800e-01  4.76418235e+00  3.05412800e-01  2.35817652e-05 
 3.05912800e-01  5.00000000e+00  3.05912800e-01  4.76535850e+00  3.05912800e-01  2.34641504e-05 
 3.06412800e-01  5.00000000e+00  3.06412800e-01  4.76652878e+00  3.06412800e-01  2.33471222e-05 
 3.06912800e-01  5.00000000e+00  3.06912800e-01  4.76769322e+00  3.06912800e-01  2.32306777e-05 
 3.07412800e-01  5.00000000e+00  3.07412800e-01  4.76885186e+00  3.07412800e-01  2.31148140e-05 
 3.07912800e-01  5.00000000e+00  3.07912800e-01  4.77000472e+00  3.07912800e-01  2.29995281e-05 
 3.08412800e-01  5.00000000e+00  3.08412800e-01  4.77115183e+00  3.08412800e-01  2.28848172e-05 
 3.08912800e-01  5.00000000e+00  3.08912800e-01  4.77229322e+00  3.08912800e-01  2.27706785e-05 
 3.09412800e-01  5.00000000e+00  3.09412800e-01  4.77342891e+00  3.09412800e-01  2.26571090e-05 
 3.09912800e-01  5.00000000e+00  3.09912800e-01  4.77455894e+00  3.09912800e-01  2.25441060e-05 
 3.10412800e-01  5.00000000e+00  3.10412800e-01  4.77568333e+00  3.10412800e-01  2.24316666e-05 
 3.10912800e-01  5.00000000e+00  3.10912800e-01  4.77680212e+00  3.10912800e-01  2.23197879e-05 
 3.11412800e-01  5.00000000e+00  3.11412800e-01  4.77791533e+00  3.11412800e-01  2.22084673e-05 
 3.11912800e-01  5.00000000e+00  3.11912800e-01  4.77902298e+00  3.11912800e-01  2.20977019e-05 
 3.12412800e-01  5.00000000e+00  3.12412800e-01  4.78012511e+00  3.12412800e-01  2.19874889e-05 
 3.12912800e-01  5.00000000e+00  3.12912800e-01  4.78122174e+00  3.12912800e-01  2.18778256e-05 
 3.13412800e-01  5.00000000e+00  3.13412800e-01  4.78231291e+00  3.13412800e-01  2.17687093e-05 
 3.13912800e-01  5.00000000e+00  3.13912800e-01  4.78339863e+00  3.13912800e-01  2.16601371e-05 
 3.14412800e-01  5.00000000e+00  3.14412800e-01  4.78447893e+00  3.14412800e-01  2.15521065e-05 
 3.14912800e-01  5.00000000e+00  3.14912800e-01  4.78555385e+00  3.14912800e-01  2.14446147e-05 
 3.15412800e-01  5.00000000e+00  3.15412800e-01  4.78662341e+00  3.15412800e-01  2.13376590e-05 
 3.15912800e-01  5.00000000e+00  3.15912800e-01  4.78768763e+00  3.15912800e-01  2.12312368e-05 
 3.16412800e-01  5.00000000e+00  3.16412800e-01  4.78874655e+00  3.16412800e-01  2.11253454e-05 
 3.16912800e-01  5.00000000e+00  3.16912800e-01  4.78980018e+00  3.16912800e-01  2.10199820e-05 
 3.17412800e-01  5.00000000e+00  3.17412800e-01  4.79084856e+00  3.17412800e-01  2.09151442e-05 
 3.17912800e-01  5.00000000e+00  3.17912800e-01  4.79189171e+00  3.17912800e-01  2.08108293e-05 
 3.18412800e-01  5.00000000e+00  3.18412800e-01  4.79292965e+00  3.18412800e-01  2.07070346e-05 
 3.18912800e-01  5.00000000e+00  3.18912800e-01  4.79396242e+00  3.18912800e-01  2.06037576e-05 
 3.19412800e-01  5.00000000e+00  3.19412800e-01  4.79499004e+00  3.19412800e-01  2.05009958e-05 
 3.19912800e-01  5.00000000e+00  3.19912800e-01  4.79601254e+00  3.19912800e-01  2.03987464e-05 
 3.20412800e-01  5.00000000e+00  3.20412800e-01  4.79702993e+00  3.20412800e-01  2.02970070e-05 
 3.20912800e-01  5.00000000e+00  3.20912800e-01  4.79804225e+00  3.20912800e-01  2.01957751e-05 
 3.21412800e-01  5.00000000e+00  3.21412800e-01  4.79904952e+00  3.21412800e-01  2.00950480e-05 
 3.21912800e-01  5.00000000e+00  3.21912800e-01  4.80005177e+00  3.21912800e-01  1.99948233e-05 
 3.22412800e-01  5.00000000e+00  3.22412800e-01  4.80104901e+00  3.22412800e-01  1.98950985e-05 
 3.22912800e-01  5.00000000e+00  3.22912800e-01  4.80204129e+00  3.22912800e-01  1.97958711e-05 
 3.23412800e-01  5.00000000e+00  3.23412800e-01  4.80302861e+00  3.23412800e-01  1.96971386e-05 
 3.23912800e-01  5.00000000e+00  3.23912800e-01  4.80401102e+00  3.23912800e-01  1.95988985e-05 
 3.24412800e-01  5.00000000e+00  3.24412800e-01  4.80498852e+00  3.24412800e-01  1.95011484e-05 
 3.24912800e-01  5.00000000e+00  3.24912800e-01  4.80596114e+00  3.24912800e-01  1.94038858e-05 
 3.25412800e-01  5.00000000e+00  3.25412800e-01  4.80692892e+00  3.25412800e-01  1.93071083e-05 
 3.25912800e-01  5.00000000e+00  3.25912800e-01  4.80789187e+00  3.25912800e-01  1.92108135e-05 
 3.26412800e-01  5.00000000e+00  3.26412800e-01  4.80885001e+00  3.26412800e-01  1.91149990e-05 
 3.26912800e-01  5.00000000e+00  3.26912800e-01  4.80980338e+00  3.26912800e-01  1.90196623e-05 
 3.27412800e-01  5.00000000e+00  3.27412800e-01  4.81075199e+00  3.27412800e-01  1.89248011e-05 
 3.27912800e-01  5.00000000e+00  3.27912800e-01  4.81169587e+00  3.27912800e-01  1.88304131e-05 
 3.28412800e-01  5.00000000e+00  3.28412800e-01  4.81263504e+00  3.28412800e-01  1.87364958e-05 
 3.28912800e-01  5.00000000e+00  3.28912800e-01  4.81356953e+00  3.28912800e-01  1.86430470e-05 
 3.29412800e-01  5.00000000e+00  3.29412800e-01  4.81449936e+00  3.29412800e-01  1.85500642e-05 
 3.29912800e-01  5.00000000e+00  3.29912800e-01  4.81542455e+00  3.29912800e-01  1.84575452e-05 
 3.30412800e-01  5.00000000e+00  3.30412800e-01  4.81634512e+00  3.30412800e-01  1.83654876e-05 
 3.30912800e-01  5.00000000e+00  3.30912800e-01  4.81726111e+00  3.30912800e-01  1.82738892e-05 
 3.31412800e-01  5.00000000e+00  3.31412800e-01  4.81817252e+00  3.31412800e-01  1.81827476e-05 
 3.31912800e-01  5.00000000e+00  3.31912800e-01  4.81907939e+00  3.31912800e-01  1.80920605e-05 
 3.32412800e-01  5.00000000e+00  3.32412800e-01  4.81998174e+00  3.32412800e-01  1.80018258e-05 
 3.32912800e-01  5.00000000e+00  3.32912800e-01  4.82087959e+00  3.32912800e-01  1.79120412e-05 
 3.33412800e-01  5.00000000e+00  3.33412800e-01  4.82177296e+00  3.33412800e-01  1.78227043e-05 
 3.33912800e-01  5.00000000e+00  3.33912800e-01  4.82266187e+00  3.33912800e-01  1.77338130e-05 
 3.34412800e-01  5.00000000e+00  3.34412800e-01  4.82354635e+00  3.34412800e-01  1.76453651e-05 
 3.34912800e-01  5.00000000e+00  3.34912800e-01  4.82442642e+00  3.34912800e-01  1.75573583e-05 
 3.35412800e-01  5.00000000e+00  3.35412800e-01  4.82530210e+00  3.35412800e-01  1.74697904e-05 
 3.35912800e-01  5.00000000e+00  3.35912800e-01  4.82617341e+00  3.35912800e-01  1.73826593e-05 
 3.36412800e-01  5.00000000e+00  3.36412800e-01  4.82704037e+00  3.36412800e-01  1.72959627e-05 
 3.36912800e-01  5.00000000e+00  3.36912800e-01  4.82790301e+00  3.36912800e-01  1.72096985e-05 
 3.37412800e-01  5.00000000e+00  3.37412800e-01  4.82876135e+00  3.37412800e-01  1.71238646e-05 
 3.37912800e-01  5.00000000e+00  3.37912800e-01  4.82961541e+00  3.37912800e-01  1.70384588e-05 
 3.38412800e-01  5.00000000e+00  3.38412800e-01  4.83046521e+00  3.38412800e-01  1.69534790e-05 
 3.38912800e-01  5.00000000e+00  3.38912800e-01  4.83131077e+00  3.38912800e-01  1.68689230e-05 
 3.39412800e-01  5.00000000e+00  3.39412800e-01  4.83215211e+00  3.39412800e-01  1.67847887e-05 
 3.39912800e-01  5.00000000e+00  3.39912800e-01  4.83298926e+00  3.39912800e-01  1.67010740e-05 
 3.40412800e-01  5.00000000e+00  3.40412800e-01  4.83382223e+00  3.40412800e-01  1.66177769e-05 
 3.40912800e-01  5.00000000e+00  3.40912800e-01  4.83465105e+00  3.40912800e-01  1.65348952e-05 
 3.41412800e-01  5.00000000e+00  3.41412800e-01  4.83547573e+00  3.41412800e-01  1.64524269e-05 
 3.41912800e-01  5.00000000e+00  3.41912800e-01  4.83629630e+00  3.41912800e-01  1.63703699e-05 
 3.42412800e-01  5.00000000e+00  3.42412800e-01  4.83711278e+00  3.42412800e-01  1.62887222e-05 
 3.42912800e-01  5.00000000e+00  3.42912800e-01  4.83792518e+00  3.42912800e-01  1.62074817e-05 
 3.43412800e-01  5.00000000e+00  3.43412800e-01  4.83873354e+00  3.43412800e-01  1.61266464e-05 
 3.43912800e-01  5.00000000e+00  3.43912800e-01  4.83953786e+00  3.43912800e-01  1.60462142e-05 
 3.44412800e-01  5.00000000e+00  3.44412800e-01  4.84033817e+00  3.44412800e-01  1.59661832e-05 
 3.44912800e-01  5.00000000e+00  3.44912800e-01  4.84113449e+00  3.44912800e-01  1.58865514e-05 
 3.45412800e-01  5.00000000e+00  3.45412800e-01  4.84192683e+00  3.45412800e-01  1.58073167e-05 
 3.45912800e-01  5.00000000e+00  3.45912800e-01  4.84271523e+00  3.45912800e-01  1.57284772e-05 
 3.46412800e-01  5.00000000e+00  3.46412800e-01  4.84349969e+00  3.46412800e-01  1.56500310e-05 
 3.46912800e-01  5.00000000e+00  3.46912800e-01  4.84428024e+00  3.46912800e-01  1.55719760e-05 
 3.47412800e-01  5.00000000e+00  3.47412800e-01  4.84505690e+00  3.47412800e-01  1.54943102e-05 
 3.47912800e-01  5.00000000e+00  3.47912800e-01  4.84582968e+00  3.47912800e-01  1.54170319e-05 
 3.48412800e-01  5.00000000e+00  3.48412800e-01  4.84659861e+00  3.48412800e-01  1.53401390e-05 
 3.48912800e-01  5.00000000e+00  3.48912800e-01  4.84736370e+00  3.48912800e-01  1.52636295e-05 
 3.49412800e-01  5.00000000e+00  3.49412800e-01  4.84812498e+00  3.49412800e-01  1.51875017e-05 
 3.49912800e-01  5.00000000e+00  3.49912800e-01  4.84888246e+00  3.49912800e-01  1.51117536e-05 
 3.50412800e-01  5.00000000e+00  3.50412800e-01  4.84963617e+00  3.50412800e-01  1.50363832e-05 
 3.50912800e-01  5.00000000e+00  3.50912800e-01  4.85038611e+00  3.50912800e-01  1.49613888e-05 
 3.51412800e-01  5.00000000e+00  3.51412800e-01  4.85113232e+00  3.51412800e-01  1.48867684e-05 
 3.51912800e-01  5.00000000e+00  3.51912800e-01  4.85187480e+00  3.51912800e-01  1.48125202e-05 
 3.52412800e-01  5.00000000e+00  3.52412800e-01  4.85261358e+00  3.52412800e-01  1.47386423e-05 
 3.52912800e-01  5.00000000e+00  3.52912800e-01  4.85334867e+00  3.52912800e-01  1.46651328e-05 
 3.53412800e-01  5.00000000e+00  3.53412800e-01  4.85408010e+00  3.53412800e-01  1.45919900e-05 
 3.53912800e-01  5.00000000e+00  3.53912800e-01  4.85480788e+00  3.53912800e-01  1.45192120e-05 
 3.54412800e-01  5.00000000e+00  3.54412800e-01  4.85553203e+00  3.54412800e-01  1.44467970e-05 
 3.54912800e-01  5.00000000e+00  3.54912800e-01  4.85625257e+00  3.54912800e-01  1.43747432e-05 
 3.55412800e-01  5.00000000e+00  3.55412800e-01  4.85696951e+00  3.55412800e-01  1.43030487e-05 
 3.55912800e-01  5.00000000e+00  3.55912800e-01  4.85768288e+00  3.55912800e-01  1.42317118e-05 
 3.56412800e-01  5.00000000e+00  3.56412800e-01  4.85839269e+00  3.56412800e-01  1.41607307e-05 
 3.56912800e-01  5.00000000e+00  3.56912800e-01  4.85909896e+00  3.56912800e-01  1.40901036e-05 
 3.57412800e-01  5.00000000e+00  3.57412800e-01  4.85980171e+00  3.57412800e-01  1.40198288e-05 
 3.57912800e-01  5.00000000e+00  3.57912800e-01  4.86050096e+00  3.57912800e-01  1.39499044e-05 
 3.58412800e-01  5.00000000e+00  3.58412800e-01  4.86119671e+00  3.58412800e-01  1.38803288e-05 
 3.58912800e-01  5.00000000e+00  3.58912800e-01  4.86188900e+00  3.58912800e-01  1.38111003e-05 
 3.59412800e-01  5.00000000e+00  3.59412800e-01  4.86257783e+00  3.59412800e-01  1.37422170e-05 
 3.59912800e-01  5.00000000e+00  3.59912800e-01  4.86326323e+00  3.59912800e-01  1.36736772e-05 
 3.60412800e-01  5.00000000e+00  3.60412800e-01  4.86394521e+00  3.60412800e-01  1.36054793e-05 
 3.60912800e-01  5.00000000e+00  3.60912800e-01  4.86462378e+00  3.60912800e-01  1.35376216e-05 
 3.61412800e-01  5.00000000e+00  3.61412800e-01  4.86529898e+00  3.61412800e-01  1.34701023e-05 
 3.61912800e-01  5.00000000e+00  3.61912800e-01  4.86597080e+00  3.61912800e-01  1.34029197e-05 
 3.62412800e-01  5.00000000e+00  3.62412800e-01  4.86663928e+00  3.62412800e-01  1.33360722e-05 
 3.62912800e-01  5.00000000e+00  3.62912800e-01  4.86730442e+00  3.62912800e-01  1.32695582e-05 
 3.63412800e-01  5.00000000e+00  3.63412800e-01  4.86796624e+00  3.63412800e-01  1.32033758e-05 
 3.63912800e-01  5.00000000e+00  3.63912800e-01  4.86862476e+00  3.63912800e-01  1.31375236e-05 
 3.64412800e-01  5.00000000e+00  3.64412800e-01  4.86928000e+00  3.64412800e-01  1.30719998e-05 
 3.64912800e-01  5.00000000e+00  3.64912800e-01  4.86993197e+00  3.64912800e-01  1.30068028e-05 
 3.65412800e-01  5.00000000e+00  3.65412800e-01  4.87058069e+00  3.65412800e-01  1.29419309e-05 
 3.65912800e-01  5.00000000e+00  3.65912800e-01  4.87122617e+00  3.65912800e-01  1.28773827e-05 
 3.66412800e-01  5.00000000e+00  3.66412800e-01  4.87186844e+00  3.66412800e-01  1.28131563e-05 
 3.66912800e-01  5.00000000e+00  3.66912800e-01  4.87250750e+00  3.66912800e-01  1.27492503e-05 
 3.67412800e-01  5.00000000e+00  3.67412800e-01  4.87314337e+00  3.67412800e-01  1.26856630e-05 
 3.67912800e-01  5.00000000e+00  3.67912800e-01  4.87377607e+00  3.67912800e-01  1.26223929e-05 
 3.68412800e-01  5.00000000e+00  3.68412800e-01  4.87440562e+00  3.68412800e-01  1.25594383e-05 
 3.68912800e-01  5.00000000e+00  3.68912800e-01  4.87503202e+00  3.68912800e-01  1.24967977e-05 
 3.69412800e-01  5.00000000e+00  3.69412800e-01  4.87565530e+00  3.69412800e-01  1.24344695e-05 
 3.69912800e-01  5.00000000e+00  3.69912800e-01  4.87627548e+00  3.69912800e-01  1.23724522e-05 
 3.70412800e-01  5.00000000e+00  3.70412800e-01  4.87689256e+00  3.70412800e-01  1.23107442e-05 
 3.70912800e-01  5.00000000e+00  3.70912800e-01  4.87750656e+00  3.70912800e-01  1.22493440e-05 
 3.71412800e-01  5.00000000e+00  3.71412800e-01  4.87811750e+00  3.71412800e-01  1.21882500e-05 
 3.71912800e-01  5.00000000e+00  3.71912800e-01  4.87872539e+00  3.71912800e-01  1.21274608e-05 
 3.72412800e-01  5.00000000e+00  3.72412800e-01  4.87933025e+00  3.72412800e-01  1.20669747e-05 
 3.72912800e-01  5.00000000e+00  3.72912800e-01  4.87993210e+00  3.72912800e-01  1.20067903e-05 
 3.73412800e-01  5.00000000e+00  3.73412800e-01  4.88053094e+00  3.73412800e-01  1.19469060e-05 
 3.73912800e-01  5.00000000e+00  3.73912800e-01  4.88112680e+00  3.73912800e-01  1.18873204e-05 
 3.74412800e-01  5.00000000e+00  3.74412800e-01  4.88171968e+00  3.74412800e-01  1.18280321e-05 
 3.74912800e-01  5.00000000e+00  3.74912800e-01  4.88230961e+00  3.74912800e-01  1.17690394e-05 
 3.75412800e-01  5.00000000e+00  3.75412800e-01  4.88289659e+00  3.75412800e-01  1.17103409e-05 
 3.75912800e-01  5.00000000e+00  3.75912800e-01  4.88348065e+00  3.75912800e-01  1.16519352e-05 
 3.76412800e-01  5.00000000e+00  3.76412800e-01  4.88406179e+00  3.76412800e-01  1.15938209e-05 
 3.76912800e-01  5.00000000e+00  3.76912800e-01  4.88464004e+00  3.76912800e-01  1.15359963e-05 
 3.77412800e-01  5.00000000e+00  3.77412800e-01  4.88521540e+00  3.77412800e-01  1.14784602e-05 
 3.77912800e-01  5.00000000e+00  3.77912800e-01  4.88578789e+00  3.77912800e-01  1.14212110e-05 
 3.78412800e-01  5.00000000e+00  3.78412800e-01  4.88635753e+00  3.78412800e-01  1.13642473e-05 
 3.78912800e-01  5.00000000e+00  3.78912800e-01  4.88692432e+00  3.78912800e-01  1.13075678e-05 
 3.79412800e-01  5.00000000e+00  3.79412800e-01  4.88748829e+00  3.79412800e-01  1.12511710e-05 
 3.79912800e-01  5.00000000e+00  3.79912800e-01  4.88804945e+00  3.79912800e-01  1.11950554e-05 
 3.80412800e-01  5.00000000e+00  3.80412800e-01  4.88860780e+00  3.80412800e-01  1.11392197e-05 
 3.80912800e-01  5.00000000e+00  3.80912800e-01  4.88916337e+00  3.80912800e-01  1.10836625e-05 
 3.81412800e-01  5.00000000e+00  3.81412800e-01  4.88971618e+00  3.81412800e-01  1.10283824e-05 
 3.81912800e-01  5.00000000e+00  3.81912800e-01  4.89026622e+00  3.81912800e-01  1.09733780e-05 
 3.82412800e-01  5.00000000e+00  3.82412800e-01  4.89081352e+00  3.82412800e-01  1.09186479e-05 
 3.82912800e-01  5.00000000e+00  3.82912800e-01  4.89135809e+00  3.82912800e-01  1.08641908e-05 
 3.83412800e-01  5.00000000e+00  3.83412800e-01  4.89189995e+00  3.83412800e-01  1.08100053e-05 
 3.83912800e-01  5.00000000e+00  3.83912800e-01  4.89243910e+00  3.83912800e-01  1.07560901e-05 
 3.84412800e-01  5.00000000e+00  3.84412800e-01  4.89297556e+00  3.84412800e-01  1.07024438e-05 
 3.84912800e-01  5.00000000e+00  3.84912800e-01  4.89350935e+00  3.84912800e-01  1.06490650e-05 
 3.85412800e-01  5.00000000e+00  3.85412800e-01  4.89404048e+00  3.85412800e-01  1.05959524e-05 
 3.85912800e-01  5.00000000e+00  3.85912800e-01  4.89456895e+00  3.85912800e-01  1.05431048e-05 
 3.86412800e-01  5.00000000e+00  3.86412800e-01  4.89509479e+00  3.86412800e-01  1.04905207e-05 
 3.86912800e-01  5.00000000e+00  3.86912800e-01  4.89561801e+00  3.86912800e-01  1.04381989e-05 
 3.87412800e-01  5.00000000e+00  3.87412800e-01  4.89613862e+00  3.87412800e-01  1.03861381e-05 
 3.87912800e-01  5.00000000e+00  3.87912800e-01  4.89665663e+00  3.87912800e-01  1.03343369e-05 
 3.88412800e-01  5.00000000e+00  3.88412800e-01  4.89717206e+00  3.88412800e-01  1.02827941e-05 
 3.88912800e-01  5.00000000e+00  3.88912800e-01  4.89768492e+00  3.88912800e-01  1.02315083e-05 
 3.89412800e-01  5.00000000e+00  3.89412800e-01  4.89819522e+00  3.89412800e-01  1.01804784e-05 
 3.89912800e-01  5.00000000e+00  3.89912800e-01  4.89870297e+00  3.89912800e-01  1.01297029e-05 
 3.90412800e-01  5.00000000e+00  3.90412800e-01  4.89920819e+00  3.90412800e-01  1.00791807e-05 
 3.90912800e-01  5.00000000e+00  3.90912800e-01  4.89971090e+00  3.90912800e-01  1.00289105e-05 
 3.91412800e-01  5.00000000e+00  3.91412800e-01  4.90021109e+00  3.91412800e-01  9.97889097e-06 
 3.91912800e-01  5.00000000e+00  3.91912800e-01  4.90070879e+00  3.91912800e-01  9.92912094e-06 
 3.92412800e-01  5.00000000e+00  3.92412800e-01  4.90120401e+00  3.92412800e-01  9.87959914e-06 
 3.92912800e-01  5.00000000e+00  3.92912800e-01  4.90169676e+00  3.92912800e-01  9.83032433e-06 
 3.93412800e-01  5.00000000e+00  3.93412800e-01  4.90218705e+00  3.93412800e-01  9.78129528e-06 
 3.93912800e-01  5.00000000e+00  3.93912800e-01  4.90267489e+00  3.93912800e-01  9.73251076e-06 
 3.94412800e-01  5.00000000e+00  3.94412800e-01  4.90316030e+00  3.94412800e-01  9.68396956e-06 
 3.94912800e-01  5.00000000e+00  3.94912800e-01  4.90364330e+00  3.94912800e-01  9.63567046e-06 
 3.95412800e-01  5.00000000e+00  3.95412800e-01  4.90412388e+00  3.95412800e-01  9.58761226e-06 
 3.95912800e-01  5.00000000e+00  3.95912800e-01  4.90460206e+00  3.95912800e-01  9.53979374e-06 
 3.96412800e-01  5.00000000e+00  3.96412800e-01  4.90507786e+00  3.96412800e-01  9.49221372e-06 
 3.96912800e-01  5.00000000e+00  3.96912800e-01  4.90555129e+00  3.96912800e-01  9.44487101e-06 
 3.97412800e-01  5.00000000e+00  3.97412800e-01  4.90602236e+00  3.97412800e-01  9.39776442e-06 
 3.97912800e-01  5.00000000e+00  3.97912800e-01  4.90649107e+00  3.97912800e-01  9.35089278e-06 
 3.98412800e-01  5.00000000e+00  3.98412800e-01  4.90695745e+00  3.98412800e-01  9.30425491e-06 
 3.98912800e-01  5.00000000e+00  3.98912800e-01  4.90742150e+00  3.98912800e-01  9.25784965e-06 
 3.99412800e-01  5.00000000e+00  3.99412800e-01  4.90788324e+00  3.99412800e-01  9.21167583e-06 
 3.99912800e-01  5.00000000e+00  3.99912800e-01  4.90834268e+00  3.99912800e-01  9.16573231e-06 
 4.00412800e-01  5.00000000e+00  4.00412800e-01  4.90879982e+00  4.00412800e-01  9.12001794e-06 
 4.00912800e-01  5.00000000e+00  4.00912800e-01  4.90925468e+00  4.00912800e-01  9.07453157e-06 
 4.01412800e-01  5.00000000e+00  4.01412800e-01  4.90970728e+00  4.01412800e-01  9.02927206e-06 
 4.01912800e-01  5.00000000e+00  4.01912800e-01  4.91015762e+00  4.01912800e-01  8.98423828e-06 
 4.02412800e-01  5.00000000e+00  4.02412800e-01  4.91060571e+00  4.02412800e-01  8.93942911e-06 
 4.02912800e-01  5.00000000e+00  4.02912800e-01  4.91105157e+00  4.02912800e-01  8.89484343e-06 
 4.03412800e-01  5.00000000e+00  4.03412800e-01  4.91149520e+00  4.03412800e-01  8.85048012e-06 
 4.03912800e-01  5.00000000e+00  4.03912800e-01  4.91193662e+00  4.03912800e-01  8.80633808e-06 
 4.04412800e-01  5.00000000e+00  4.04412800e-01  4.91237584e+00  4.04412800e-01  8.76241619e-06 
 4.04912800e-01  5.00000000e+00  4.04912800e-01  4.91281287e+00  4.04912800e-01  8.71871337e-06 
 4.05412800e-01  5.00000000e+00  4.05412800e-01  4.91324771e+00  4.05412800e-01  8.67522851e-06 
 4.05912800e-01  5.00000000e+00  4.05912800e-01  4.91368039e+00  4.05912800e-01  8.63196054e-06 
 4.06412800e-01  5.00000000e+00  4.06412800e-01  4.91411092e+00  4.06412800e-01  8.58890837e-06 
 4.06912800e-01  5.00000000e+00  4.06912800e-01  4.91453929e+00  4.06912800e-01  8.54607092e-06 
 4.07412800e-01  5.00000000e+00  4.07412800e-01  4.91496553e+00  4.07412800e-01  8.50344712e-06 
 4.07912800e-01  5.00000000e+00  4.07912800e-01  4.91538964e+00  4.07912800e-01  8.46103592e-06 
 4.08412800e-01  5.00000000e+00  4.08412800e-01  4.91581164e+00  4.08412800e-01  8.41883624e-06 
 4.08912800e-01  5.00000000e+00  4.08912800e-01  4.91623153e+00  4.08912800e-01  8.37684703e-06 
 4.09412800e-01  5.00000000e+00  4.09412800e-01  4.91664933e+00  4.09412800e-01  8.33506724e-06 
 4.09912800e-01  5.00000000e+00  4.09912800e-01  4.91706504e+00  4.09912800e-01  8.29349583e-06 
 4.10412800e-01  5.00000000e+00  4.10412800e-01  4.91747868e+00  4.10412800e-01  8.25213177e-06 
 4.10912800e-01  5.00000000e+00  4.10912800e-01  4.91789026e+00  4.10912800e-01  8.21097400e-06 
 4.11412800e-01  5.00000000e+00  4.11412800e-01  4.91829978e+00  4.11412800e-01  8.17002151e-06 
 4.11912800e-01  5.00000000e+00  4.11912800e-01  4.91870727e+00  4.11912800e-01  8.12927327e-06 
 4.12412800e-01  5.00000000e+00  4.12412800e-01  4.91911272e+00  4.12412800e-01  8.08872827e-06 
 4.12912800e-01  5.00000000e+00  4.12912800e-01  4.91951615e+00  4.12912800e-01  8.04838549e-06 
 4.13412800e-01  5.00000000e+00  4.13412800e-01  4.91991756e+00  4.13412800e-01  8.00824391e-06 
 4.13912800e-01  5.00000000e+00  4.13912800e-01  4.92031697e+00  4.13912800e-01  7.96830255e-06 
 4.14412800e-01  5.00000000e+00  4.14412800e-01  4.92071440e+00  4.14412800e-01  7.92856039e-06 
 4.14912800e-01  5.00000000e+00  4.14912800e-01  4.92110984e+00  4.14912800e-01  7.88901645e-06 
 4.15412800e-01  5.00000000e+00  4.15412800e-01  4.92150330e+00  4.15412800e-01  7.84966973e-06 
 4.15912800e-01  5.00000000e+00  4.15912800e-01  4.92189481e+00  4.15912800e-01  7.81051926e-06 
 4.16412800e-01  5.00000000e+00  4.16412800e-01  4.92228436e+00  4.16412800e-01  7.77156405e-06 
 4.16912800e-01  5.00000000e+00  4.16912800e-01  4.92267197e+00  4.16912800e-01  7.73280313e-06 
 4.17412800e-01  5.00000000e+00  4.17412800e-01  4.92305764e+00  4.17412800e-01  7.69423554e-06 
 4.17912800e-01  5.00000000e+00  4.17912800e-01  4.92344140e+00  4.17912800e-01  7.65586030e-06 
 4.18412800e-01  5.00000000e+00  4.18412800e-01  4.92382324e+00  4.18412800e-01  7.61767646e-06 
 4.18912800e-01  5.00000000e+00  4.18912800e-01  4.92420317e+00  4.18912800e-01  7.57968306e-06 
 4.19412800e-01  5.00000000e+00  4.19412800e-01  4.92458121e+00  4.19412800e-01  7.54187915e-06 
 4.19912800e-01  5.00000000e+00  4.19912800e-01  4.92495736e+00  4.19912800e-01  7.50426379e-06 
 4.20412800e-01  5.00000000e+00  4.20412800e-01  4.92533164e+00  4.20412800e-01  7.46683604e-06 
 4.20912800e-01  5.00000000e+00  4.20912800e-01  4.92570405e+00  4.20912800e-01  7.42959497e-06 
 4.21412800e-01  5.00000000e+00  4.21412800e-01  4.92607460e+00  4.21412800e-01  7.39253963e-06 
 4.21912800e-01  5.00000000e+00  4.21912800e-01  4.92644331e+00  4.21912800e-01  7.35566911e-06 
 4.22412800e-01  5.00000000e+00  4.22412800e-01  4.92681018e+00  4.22412800e-01  7.31898248e-06 
 4.22912800e-01  5.00000000e+00  4.22912800e-01  4.92717521e+00  4.22912800e-01  7.28247883e-06 
 4.23412800e-01  5.00000000e+00  4.23412800e-01  4.92753843e+00  4.23412800e-01  7.24615724e-06 
 4.23912800e-01  5.00000000e+00  4.23912800e-01  4.92789983e+00  4.23912800e-01  7.21001680e-06 
 4.24412800e-01  5.00000000e+00  4.24412800e-01  4.92825943e+00  4.24412800e-01  7.17405662e-06 
 4.24912800e-01  5.00000000e+00  4.24912800e-01  4.92861724e+00  4.24912800e-01  7.13827579e-06 
 4.25412800e-01  5.00000000e+00  4.25412800e-01  4.92897327e+00  4.25412800e-01  7.10267341e-06 
 4.25912800e-01  5.00000000e+00  4.25912800e-01  4.92932751e+00  4.25912800e-01  7.06724861e-06 
 4.26412800e-01  5.00000000e+00  4.26412800e-01  4.92968000e+00  4.26412800e-01  7.03200049e-06 
 4.26912800e-01  5.00000000e+00  4.26912800e-01  4.93003072e+00  4.26912800e-01  6.99692816e-06 
 4.27412800e-01  5.00000000e+00  4.27412800e-01  4.93037969e+00  4.27412800e-01  6.96203077e-06 
 4.27912800e-01  5.00000000e+00  4.27912800e-01  4.93072693e+00  4.27912800e-01  6.92730742e-06 
 4.28412800e-01  5.00000000e+00  4.28412800e-01  4.93107243e+00  4.28412800e-01  6.89275726e-06 
 4.28912800e-01  5.00000000e+00  4.28912800e-01  4.93141621e+00  4.28912800e-01  6.85837942e-06 
 4.29412800e-01  5.00000000e+00  4.29412800e-01  4.93175827e+00  4.29412800e-01  6.82417304e-06 
 4.29912800e-01  5.00000000e+00  4.29912800e-01  4.93209863e+00  4.29912800e-01  6.79013726e-06 
 4.30412800e-01  5.00000000e+00  4.30412800e-01  4.93243729e+00  4.30412800e-01  6.75627124e-06 
 4.30912800e-01  5.00000000e+00  4.30912800e-01  4.93277426e+00  4.30912800e-01  6.72257413e-06 
 4.31412800e-01  5.00000000e+00  4.31412800e-01  4.93310955e+00  4.31412800e-01  6.68904508e-06 
 4.31912800e-01  5.00000000e+00  4.31912800e-01  4.93344317e+00  4.31912800e-01  6.65568326e-06 
 4.32412800e-01  5.00000000e+00  4.32412800e-01  4.93377512e+00  4.32412800e-01  6.62248783e-06 
 4.32912800e-01  5.00000000e+00  4.32912800e-01  4.93410542e+00  4.32912800e-01  6.58945796e-06 
 4.33412800e-01  5.00000000e+00  4.33412800e-01  4.93443407e+00  4.33412800e-01  6.55659284e-06 
 4.33912800e-01  5.00000000e+00  4.33912800e-01  4.93476108e+00  4.33912800e-01  6.52389163e-06 
 4.34412800e-01  5.00000000e+00  4.34412800e-01  4.93508646e+00  4.34412800e-01  6.49135351e-06 
 4.34912800e-01  5.00000000e+00  4.34912800e-01  4.93541022e+00  4.34912800e-01  6.45897769e-06 
 4.35412800e-01  5.00000000e+00  4.35412800e-01  4.93573237e+00  4.35412800e-01  6.42676333e-06 
 4.35912800e-01  5.00000000e+00  4.35912800e-01  4.93605290e+00  4.35912800e-01  6.39470965e-06 
 4.36412800e-01  5.00000000e+00  4.36412800e-01  4.93637184e+00  4.36412800e-01  6.36281584e-06 
 4.36912800e-01  5.00000000e+00  4.36912800e-01  4.93668919e+00  4.36912800e-01  6.33108109e-06 
 4.37412800e-01  5.00000000e+00  4.37412800e-01  4.93700495e+00  4.37412800e-01  6.29950463e-06 
 4.37912800e-01  5.00000000e+00  4.37912800e-01  4.93731914e+00  4.37912800e-01  6.26808565e-06 
 4.38412800e-01  5.00000000e+00  4.38412800e-01  4.93763177e+00  4.38412800e-01  6.23682338e-06 
 4.38912800e-01  5.00000000e+00  4.38912800e-01  4.93794283e+00  4.38912800e-01  6.20571703e-06 
 4.39412800e-01  5.00000000e+00  4.39412800e-01  4.93825234e+00  4.39412800e-01  6.17476582e-06 
 4.39912800e-01  5.00000000e+00  4.39912800e-01  4.93856031e+00  4.39912800e-01  6.14396899e-06 
 4.40412800e-01  5.00000000e+00  4.40412800e-01  4.93886674e+00  4.40412800e-01  6.11332575e-06 
 4.40912800e-01  5.00000000e+00  4.40912800e-01  4.93917165e+00  4.40912800e-01  6.08283535e-06 
 4.41412800e-01  5.00000000e+00  4.41412800e-01  4.93947503e+00  4.41412800e-01  6.05249702e-06 
 4.41912800e-01  5.00000000e+00  4.41912800e-01  4.93977690e+00  4.41912800e-01  6.02231000e-06 
 4.42412800e-01  5.00000000e+00  4.42412800e-01  4.94007726e+00  4.42412800e-01  5.99227354e-06 
 4.42912800e-01  5.00000000e+00  4.42912800e-01  4.94037613e+00  4.42912800e-01  5.96238689e-06 
 4.43412800e-01  5.00000000e+00  4.43412800e-01  4.94067351e+00  4.43412800e-01  5.93264930e-06 
 4.43912800e-01  5.00000000e+00  4.43912800e-01  4.94096940e+00  4.43912800e-01  5.90306003e-06 
 4.44412800e-01  5.00000000e+00  4.44412800e-01  4.94126382e+00  4.44412800e-01  5.87361833e-06 
 4.44912800e-01  5.00000000e+00  4.44912800e-01  4.94155677e+00  4.44912800e-01  5.84432347e-06 
 4.45412800e-01  5.00000000e+00  4.45412800e-01  4.94184825e+00  4.45412800e-01  5.81517473e-06 
 4.45912800e-01  5.00000000e+00  4.45912800e-01  4.94213829e+00  4.45912800e-01  5.78617136e-06 
 4.46412800e-01  5.00000000e+00  4.46412800e-01  4.94242687e+00  4.46412800e-01  5.75731265e-06 
 4.46912800e-01  5.00000000e+00  4.46912800e-01  4.94271402e+00  4.46912800e-01  5.72859788e-06 
 4.47412800e-01  5.00000000e+00  4.47412800e-01  4.94299974e+00  4.47412800e-01  5.70002632e-06 
 4.47912800e-01  5.00000000e+00  4.47912800e-01  4.94328403e+00  4.47912800e-01  5.67159726e-06 
 4.48412800e-01  5.00000000e+00  4.48412800e-01  4.94356690e+00  4.48412800e-01  5.64330999e-06 
 4.48912800e-01  5.00000000e+00  4.48912800e-01  4.94384836e+00  4.48912800e-01  5.61516381e-06 
 4.49412800e-01  5.00000000e+00  4.49412800e-01  4.94412842e+00  4.49412800e-01  5.58715800e-06 
 4.49912800e-01  5.00000000e+00  4.49912800e-01  4.94440708e+00  4.49912800e-01  5.55929188e-06 
 4.50412800e-01  5.00000000e+00  4.50412800e-01  4.94468435e+00  4.50412800e-01  5.53156474e-06 
 4.50912800e-01  5.00000000e+00  4.50912800e-01  4.94496024e+00  4.50912800e-01  5.50397588e-06 
 4.51412800e-01  5.00000000e+00  4.51412800e-01  4.94523475e+00  4.51412800e-01  5.47652463e-06 
 4.51912800e-01  5.00000000e+00  4.51912800e-01  4.94550790e+00  4.51912800e-01  5.44921029e-06 
 4.52412800e-01  5.00000000e+00  4.52412800e-01  4.94577968e+00  4.52412800e-01  5.42203219e-06 
 4.52912800e-01  5.00000000e+00  4.52912800e-01  4.94605010e+00  4.52912800e-01  5.39498963e-06 
 4.53412800e-01  5.00000000e+00  4.53412800e-01  4.94631918e+00  4.53412800e-01  5.36808196e-06 
 4.53912800e-01  5.00000000e+00  4.53912800e-01  4.94658692e+00  4.53912800e-01  5.34130848e-06 
 4.54412800e-01  5.00000000e+00  4.54412800e-01  4.94685331e+00  4.54412800e-01  5.31466854e-06 
 4.54912800e-01  5.00000000e+00  4.54912800e-01  4.94711839e+00  4.54912800e-01  5.28816146e-06 
 4.55412800e-01  5.00000000e+00  4.55412800e-01  4.94738213e+00  4.55412800e-01  5.26178659e-06 
 4.55912800e-01  5.00000000e+00  4.55912800e-01  4.94764457e+00  4.55912800e-01  5.23554327e-06 
 4.56412800e-01  5.00000000e+00  4.56412800e-01  4.94790569e+00  4.56412800e-01  5.20943083e-06 
 4.56912800e-01  5.00000000e+00  4.56912800e-01  4.94816551e+00  4.56912800e-01  5.18344863e-06 
 4.57412800e-01  5.00000000e+00  4.57412800e-01  4.94842404e+00  4.57412800e-01  5.15759602e-06 
 4.57912800e-01  5.00000000e+00  4.57912800e-01  4.94868128e+00  4.57912800e-01  5.13187235e-06 
 4.58412800e-01  5.00000000e+00  4.58412800e-01  4.94893723e+00  4.58412800e-01  5.10627698e-06 
 4.58912800e-01  5.00000000e+00  4.58912800e-01  4.94919191e+00  4.58912800e-01  5.08080926e-06 
 4.59412800e-01  5.00000000e+00  4.59412800e-01  4.94944531e+00  4.59412800e-01  5.05546857e-06 
 4.59912800e-01  5.00000000e+00  4.59912800e-01  4.94969746e+00  4.59912800e-01  5.03025426e-06 
 4.60412800e-01  5.00000000e+00  4.60412800e-01  4.94994834e+00  4.60412800e-01  5.00516571e-06 
 4.60912800e-01  5.00000000e+00  4.60912800e-01  4.95019798e+00  4.60912800e-01  4.98020229e-06 
 4.61412800e-01  5.00000000e+00  4.61412800e-01  4.95044637e+00  4.61412800e-01  4.95536338e-06 
 4.61912800e-01  5.00000000e+00  4.61912800e-01  4.95069352e+00  4.61912800e-01  4.93064835e-06 
 4.62412800e-01  5.00000000e+00  4.62412800e-01  4.95093943e+00  4.62412800e-01  4.90605658e-06 
 4.62912800e-01  5.00000000e+00  4.62912800e-01  4.95118413e+00  4.62912800e-01  4.88158747e-06 
 4.63412800e-01  5.00000000e+00  4.63412800e-01  4.95142760e+00  4.63412800e-01  4.85724040e-06 
 4.63912800e-01  5.00000000e+00  4.63912800e-01  4.95166985e+00  4.63912800e-01  4.83301477e-06 
 4.64412800e-01  5.00000000e+00  4.64412800e-01  4.95191090e+00  4.64412800e-01  4.80890995e-06 
 4.64912800e-01  5.00000000e+00  4.64912800e-01  4.95215075e+00  4.64912800e-01  4.78492537e-06 
 4.65412800e-01  5.00000000e+00  4.65412800e-01  4.95238940e+00  4.65412800e-01  4.76106040e-06 
 4.65912800e-01  5.00000000e+00  4.65912800e-01  4.95262686e+00  4.65912800e-01  4.73731446e-06 
 4.66412800e-01  5.00000000e+00  4.66412800e-01  4.95286313e+00  4.66412800e-01  4.71368696e-06 
 4.66912800e-01  5.00000000e+00  4.66912800e-01  4.95309823e+00  4.66912800e-01  4.69017730e-06 
 4.67412800e-01  5.00000000e+00  4.67412800e-01  4.95333215e+00  4.67412800e-01  4.66678489e-06 
 4.67912800e-01  5.00000000e+00  4.67912800e-01  4.95356491e+00  4.67912800e-01  4.64350916e-06 
 4.68412800e-01  5.00000000e+00  4.68412800e-01  4.95379650e+00  4.68412800e-01  4.62034951e-06 
 4.68912800e-01  5.00000000e+00  4.68912800e-01  4.95402695e+00  4.68912800e-01  4.59730538e-06 
 4.69412800e-01  5.00000000e+00  4.69412800e-01  4.95425624e+00  4.69412800e-01  4.57437617e-06 
 4.69912800e-01  5.00000000e+00  4.69912800e-01  4.95448439e+00  4.69912800e-01  4.55156133e-06 
 4.70412800e-01  5.00000000e+00  4.70412800e-01  4.95471140e+00  4.70412800e-01  4.52886027e-06 
 4.70912800e-01  5.00000000e+00  4.70912800e-01  4.95493728e+00  4.70912800e-01  4.50627244e-06 
 4.71412800e-01  5.00000000e+00  4.71412800e-01  4.95516203e+00  4.71412800e-01  4.48379727e-06 
 4.71912800e-01  5.00000000e+00  4.71912800e-01  4.95538566e+00  4.71912800e-01  4.46143419e-06 
 4.72412800e-01  5.00000000e+00  4.72412800e-01  4.95560817e+00  4.72412800e-01  4.43918265e-06 
 4.72912800e-01  5.00000000e+00  4.72912800e-01  4.95582958e+00  4.72912800e-01  4.41704209e-06 
 4.73412800e-01  5.00000000e+00  4.73412800e-01  4.95604988e+00  4.73412800e-01  4.39501195e-06 
 4.73912800e-01  5.00000000e+00  4.73912800e-01  4.95626908e+00  4.73912800e-01  4.37309169e-06 
 4.74412800e-01  5.00000000e+00  4.74412800e-01  4.95648719e+00  4.74412800e-01  4.35128076e-06 
 4.74912800e-01  5.00000000e+00  4.74912800e-01  4.95670421e+00  4.74912800e-01  4.32957861e-06 
 4.75412800e-01  5.00000000e+00  4.75412800e-01  4.95692015e+00  4.75412800e-01  4.30798470e-06 
 4.75912800e-01  5.00000000e+00  4.75912800e-01  4.95713502e+00  4.75912800e-01  4.28649850e-06 
 4.76412800e-01  5.00000000e+00  4.76412800e-01  4.95734881e+00  4.76412800e-01  4.26511945e-06 
 4.76912800e-01  5.00000000e+00  4.76912800e-01  4.95756153e+00  4.76912800e-01  4.24384703e-06 
 4.77412800e-01  5.00000000e+00  4.77412800e-01  4.95777319e+00  4.77412800e-01  4.22268072e-06 
 4.77912800e-01  5.00000000e+00  4.77912800e-01  4.95798380e+00  4.77912800e-01  4.20161996e-06 
 4.78412800e-01  5.00000000e+00  4.78412800e-01  4.95819336e+00  4.78412800e-01  4.18066425e-06 
 4.78912800e-01  5.00000000e+00  4.78912800e-01  4.95840187e+00  4.78912800e-01  4.15981306e-06 
 4.79412800e-01  5.00000000e+00  4.79412800e-01  4.95860934e+00  4.79412800e-01  4.13906586e-06 
 4.79912800e-01  5.00000000e+00  4.79912800e-01  4.95881578e+00  4.79912800e-01  4.11842214e-06 
 4.80412800e-01  5.00000000e+00  4.80412800e-01  4.95902119e+00  4.80412800e-01  4.09788138e-06 
 4.80912800e-01  5.00000000e+00  4.80912800e-01  4.95922557e+00  4.80912800e-01  4.07744307e-06 
 4.81412800e-01  5.00000000e+00  4.81412800e-01  4.95942893e+00  4.81412800e-01  4.05710670e-06 
 4.81912800e-01  5.00000000e+00  4.81912800e-01  4.95963128e+00  4.81912800e-01  4.03687175e-06 
 4.82412800e-01  5.00000000e+00  4.82412800e-01  4.95983262e+00  4.82412800e-01  4.01673773e-06 
 4.82912800e-01  5.00000000e+00  4.82912800e-01  4.96003296e+00  4.82912800e-01  3.99670412e-06 
 4.83412800e-01  5.00000000e+00  4.83412800e-01  4.96023230e+00  4.83412800e-01  3.97677044e-06 
 4.83912800e-01  5.00000000e+00  4.83912800e-01  4.96043064e+00  4.83912800e-01  3.95693617e-06 
 4.84412800e-01  5.00000000e+00  4.84412800e-01  4.96062799e+00  4.84412800e-01  3.93720083e-06 
 4.84912800e-01  5.00000000e+00  4.84912800e-01  4.96082436e+00  4.84912800e-01  3.91756392e-06 
 4.85412800e-01  5.00000000e+00  4.85412800e-01  4.96101975e+00  4.85412800e-01  3.89802494e-06 
 4.85912800e-01  5.00000000e+00  4.85912800e-01  4.96121417e+00  4.85912800e-01  3.87858342e-06 
 4.86412800e-01  5.00000000e+00  4.86412800e-01  4.96140761e+00  4.86412800e-01  3.85923887e-06 
 4.86912800e-01  5.00000000e+00  4.86912800e-01  4.96160009e+00  4.86912800e-01  3.83999079e-06 
 4.87412800e-01  5.00000000e+00  4.87412800e-01  4.96179161e+00  4.87412800e-01  3.82083872e-06 
 4.87912800e-01  5.00000000e+00  4.87912800e-01  4.96198218e+00  4.87912800e-01  3.80178217e-06 
 4.88412800e-01  5.00000000e+00  4.88412800e-01  4.96217179e+00  4.88412800e-01  3.78282066e-06 
 4.88912800e-01  5.00000000e+00  4.88912800e-01  4.96236046e+00  4.88912800e-01  3.76395372e-06 
 4.89412800e-01  5.00000000e+00  4.89412800e-01  4.96254819e+00  4.89412800e-01  3.74518089e-06 
 4.89912800e-01  5.00000000e+00  4.89912800e-01  4.96273498e+00  4.89912800e-01  3.72650168e-06 
 4.90412800e-01  5.00000000e+00  4.90412800e-01  4.96292084e+00  4.90412800e-01  3.70791564e-06 
 4.90912800e-01  5.00000000e+00  4.90912800e-01  4.96310578e+00  4.90912800e-01  3.68942229e-06 
 4.91412800e-01  5.00000000e+00  4.91412800e-01  4.96328979e+00  4.91412800e-01  3.67102118e-06 
 4.91912800e-01  5.00000000e+00  4.91912800e-01  4.96347288e+00  4.91912800e-01  3.65271185e-06 
 4.92412800e-01  5.00000000e+00  4.92412800e-01  4.96365506e+00  4.92412800e-01  3.63449384e-06 
 4.92912800e-01  5.00000000e+00  4.92912800e-01  4.96383633e+00  4.92912800e-01  3.61636669e-06 
 4.93412800e-01  5.00000000e+00  4.93412800e-01  4.96401670e+00  4.93412800e-01  3.59832994e-06 
 4.93912800e-01  5.00000000e+00  4.93912800e-01  4.96419617e+00  4.93912800e-01  3.58038316e-06 
 4.94412800e-01  5.00000000e+00  4.94412800e-01  4.96437474e+00  4.94412800e-01  3.56252589e-06 
 4.94912800e-01  5.00000000e+00  4.94912800e-01  4.96455242e+00  4.94912800e-01  3.54475768e-06 
 4.95412800e-01  5.00000000e+00  4.95412800e-01  4.96472922e+00  4.95412800e-01  3.52707809e-06 
 4.95912800e-01  5.00000000e+00  4.95912800e-01  4.96490513e+00  4.95912800e-01  3.50948668e-06 
 4.96412800e-01  5.00000000e+00  4.96412800e-01  4.96508017e+00  4.96412800e-01  3.49198300e-06 
 4.96912800e-01  5.00000000e+00  4.96912800e-01  4.96525433e+00  4.96912800e-01  3.47456663e-06 
 4.97412800e-01  5.00000000e+00  4.97412800e-01  4.96542763e+00  4.97412800e-01  3.45723712e-06 
 4.97912800e-01  5.00000000e+00  4.97912800e-01  4.96560006e+00  4.97912800e-01  3.43999404e-06 
 4.98412800e-01  5.00000000e+00  4.98412800e-01  4.96577163e+00  4.98412800e-01  3.42283697e-06 
 4.98912800e-01  5.00000000e+00  4.98912800e-01  4.96594235e+00  4.98912800e-01  3.40576546e-06 
 4.99412800e-01  5.00000000e+00  4.99412800e-01  4.96611221e+00  4.99412800e-01  3.38877910e-06 
 4.99912800e-01  5.00000000e+00  4.99912800e-01  4.96628123e+00  4.99912800e-01  3.37187746e-06 
 5.00000000e-01  5.00000000e+00  5.00000000e-01  4.96631062e+00  5.00000000e-01  3.36893846e-06 
